[AGE00147711:1886, 110.66887417218543,227.06270627062707,)]1887, 93.9275766016713,215.0,)]1888, 92.55681818181819,203.810888252149,)]1889, 88.80877742946709,197.95731707317074,)]
[AJ000037735:1882, 96.55228758169935,210.9346405228758,)]
[ASN00055023:1880, 49.127946127946124,287.1986531986532,)]1881, 66.81848184818482,289.34653465346537,)]1882, 111.65530303030303,296.70075757575756,)]1883, 122.55409836065574,270.2826747720365,)]1884, 128.6264705882353,261.0235294117647,)]1885, 126.49683544303798,248.7594936708861,)]1886, 121.34722222222223,239.02314814814815,)]1887, 116.90283400809717,231.05263157894737,)]1888, 127.4,267.9446808510638,)]1889, 142.41596638655463,281.3529411764706,)]
[CA004013030:1889, -7.787234042553192,134.41228070175438,)]
[CA004013400:1880, -278.11842105263156,-142.58441558441558,)]
[CA005010977:1889, -45.23835616438356,83.82465753424657,)]
[CA005012540:1885, -10.889795918367346,133.3045267489712,)]1886, -60.68956043956044,94.63013698630137,)]1887, -68.47123287671234,77.0989010989011,)]1888, -63.49726775956284,78.03551912568307,)]1889, -42.52054794520548,108.9013698630137,)]
[CA006068148:1887, -1.7933884297520661,137.39303482587064,)]1888, -287.14814814814815,77.61739130434782,)]1889, 1.9743589743589745,105.82934131736526,)]
[CA006107003:1885, 1.79672131147541,129.33770491803278,)]1886, -21.5,107.96338028169014,)]1887, -24.707988980716255,110.72176308539945,)]1888, -14.48396501457726,117.25217391304348,)]1889, -7.915966386554622,121.88397790055248,)]
[CA006112171:1882, 13.204918032786885,94.48360655737704,)]1883, -0.7890410958904109,85.69315068493151,)]1884, 11.221917808219178,101.10684931506849,)]1885, -2.304109589041096,86.47802197802197,)]1886, 10.537396121883656,103.06060606060606,)]1887, 9.069832402234637,106.05263157894737,)]1888, -1.5534246575342465,93.4532967032967,)]1889, 18.220055710306408,111.6340782122905,)]
[CA006118187:1888, 48.00483091787439,149.47846889952154,)]1889, -6.968652037617555,94.96865203761756,)]
[CA006119064:1886, -7.451086956521739,124.64673913043478,)]1887, -38.12876712328767,99.2986301369863,)]1888, -53.81693989071038,93.91808873720136,)]1889, -25.03361344537815,107.26610644257703,)]
[CA006144505:1883, 27.326797385620914,139.52287581699346,)]1884, 13.167123287671233,119.95342465753424,)]1885, 1.5041095890410958,103.7972602739726,)]1886, 14.578082191780823,116.37534246575342,)]1887, 17.873972602739727,120.44109589041096,)]1888, 10.565573770491802,110.13661202185793,)]1889, 27.553424657534247,126.54246575342465,)]
[CA006166416:1880, 6.469178082191781,126.9090909090909,)]1881, 10.316993464052288,131.77777777777777,)]1882, 6.112179487179487,122.7724358974359,)]1883, -7.728155339805825,107.91585760517799,)]1884, 11.141643059490084,123.11614730878188,)]1885, -7.942465753424657,110.5123287671233,)]1886, -3.6016483516483517,118.82142857142857,)]1887, -15.690751445086706,128.6986301369863,)]
[CA007056067:1880, -29.204918032786885,62.387978142076506,)]1881, -22.336088154269973,67.3030303030303,)]1882, -31.767123287671232,57.79178082191781,)]1883, -43.92602739726028,55.66301369863014,)]1884, -43.81147540983606,51.17486338797814,)]1885, -29.1768115942029,52.0986301369863,)]1886, -29.775342465753425,57.83835616438356,)]1887, -36.986301369863014,50.0986301369863,)]1888, -36.224043715846996,48.95628415300546,)]1889, -19.40821917808219,66.43561643835616,)]
[CA007095000:1885, -95.59715639810426,27.07035175879397,)]
[CA008205698:1880, -2.4562841530054644,99.13387978142076,)]1881, 7.673972602739726,96.84109589041095,)]1882, 3.43013698630137,93.44657534246575,)]1883, -3.2986301369863016,96.9068493150685,)]1884, 1.5765027322404372,96.35245901639344,)]1885, 3.3232876712328765,102.23561643835616,)]1886, 17.345205479452055,110.81369863013698,)]1887, 8.23013698630137,103.04931506849314,)]1888, 6.7349726775956285,97.47814207650273,)]1889, 24.824657534246576,122.62191780821918,)]
[CA008401600:1880, 30.027322404371585,63.46994535519126,)]
[EGE00147726:1884, 105.76438356164384,247.4986301369863,)]1885, 129.3013698630137,252.0191780821918,)]1886, 117.07945205479452,246.60179640718562,)]
[GM000002698:1880, 57.15573770491803,142.3087431693989,)]1881, 53.40821917808219,137.7041095890411,)]1882, 58.087671232876716,137.28493150684932,)]1883, 58.701369863013696,136.61917808219178,)]1884, 62.89890710382514,146.99180327868854,)]1885, 51.3041095890411,138.43561643835616,)]1886, 56.032876712328765,144.46301369863014,)]1887, 38.69315068493151,128.96986301369864,)]1888, 46.0792349726776,126.95081967213115,)]1889, 54.81369863013698,128.91780821917808,)]
[GM000010962:1880, 31.34426229508197,99.86612021857924,)]1881, 22.504109589041096,95.08219178082192,)]1882, 28.90958904109589,102.40821917808219,)]1883, 18.024657534246575,94.71780821917808,)]1884, 28.382513661202186,103.2896174863388,)]1885, 25.063013698630137,103.96438356164384,)]1886, 29.2,100.53972602739726,)]1887, 18.515068493150686,87.04657534246576,)]1888, 23.85792349726776,90.70491803278688,)]1889, 21.71780821917808,89.33150684931506,)]
[GMW00035032:1880, 60.59836065573771,142.06284153005464,)]1881, 52.723287671232875,132.96438356164384,)]1882, 60.8,136.48219178082192,)]1883, 58.397260273972606,136.813698630137,)]1884, 64.76775956284153,144.83879781420765,)]1885, 53.8054794520548,133.75342465753425,)]1886, 60.56164383561644,140.96712328767123,)]1887, 48.104109589041094,125.40273972602739,)]1888, 50.177595628415304,124.22404371584699,)]1889, 57.12876712328767,130.27945205479452,)]
[HRE00105189:1880, 131.36338797814207,192.9344262295082,)]1881, 127.56712328767124,188.7972602739726,)]1882, 134.27123287671233,200.06849315068493,)]1883, 128.37808219178083,193.7917808219178,)]1884, 126.95081967213115,194.35245901639345,)]1885, 136.07671232876712,200.44109589041096,)]1886, 135.986301369863,200.75068493150684,)]1887, 130.7068493150685,199.04657534246576,)]1888, 126.94535519125684,Nan ,)]1889, 108.74585635359117,Nan ,)]
[RSM00028440:1881, -25.5748502994012,Nan ,)]1882, -43.97095435684647,Nan ,)]1885, -139.86885245901638,-62.08196721311475,)]1886, -33.66849315068493,52.320547945205476,)]1888, -43.18852459016394,89.72540983606558,)]1889, -108.23868312757202,58.41917808219178,)]
[UK000000000:1880, Nan ,64.0,)]1881, 48.88767123287671,122.83013698630137,)]1882, 57.915068493150685,131.55616438356165,)]1883, 52.20821917808219,128.3232876712329,)]1884, 59.46174863387978,137.51092896174865,)]1885, 47.46027397260274,124.45753424657535,)]1886, 51.73972602739726,122.87945205479453,)]1887, 42.397260273972606,123.74794520547945,)]1888, 47.76502732240437,117.1775956284153,)]1889, 54.33150684931507,126.22191780821917,)]
[UK000003026:1880, 54.516417910447764,110.76785714285714,)]1881, 40.90958904109589,98.95342465753424,)]1882, 51.1945205479452,107.4423076923077,)]1883, 49.3502994011976,105.91044776119404,)]1884, 50.994535519125684,109.40710382513662,)]1885, 41.23013698630137,99.8958904109589,)]1886, 39.298630136986304,102.2,)]1887, 45.64657534246575,105.77260273972603,)]1888, 43.05191256830601,101.33060109289617,)]1889, 50.75068493150685,109.16712328767123,)]
[USC00034251:1880, 124.70604395604396,217.84615384615384,)]1881, 129.92307692307693,224.0054945054945,)]1882, 129.87671232876713,219.36438356164385,)]1883, 121.39118457300276,222.8870523415978,)]1884, 116.27671232876712,218.35068493150686,)]1885, 114.9478021978022,219.4120879120879,)]1886, 104.47397260273972,204.95342465753424,)]1887, 113.04931506849314,225.16712328767125,)]1888, 110.41436464088397,212.5785123966942,)]1889, 117.19832402234637,218.9607843137255,)]
[USC00034562:1883, 162.864406779661,302.7345971563981,)]1884, 163.15238095238095,304.0373831775701,)]1885, 154.0193548387097,311.5388888888889,)]1886, 177.35658914728683,321.07042253521126,)]1887, 154.10185185185185,320.96666666666664,)]1888, 199.92929292929293,310.11242603550295,)]1889, 158.89221556886227,286.47513812154693,)]
[USC00175070:1885, 118.38709677419355,239.21875,)]1886, -109.10526315789474,205.42857142857142,)]1887, -3.625,242.1,)]1888, -21.7,226.33333333333334,)]1889, -33.22222222222222,235.21428571428572,)]
[USC00176902:1880, 48.833333333333336,135.327868852459,)]1881, 51.01917808219178,131.18082191780823,)]1882, 47.221917808219175,131.46301369863014,)]1883, 33.989041095890414,125.42191780821918,)]1884, 44.61748633879781,130.39890710382514,)]1885, 30.627397260273973,121.64931506849315,)]1886, 26.616438356164384,111.9041095890411,)]1887, 26.54794520547945,110.62739726027397,)]1888, 19.030054644808743,101.08743169398907,)]1889, 42.66849315068493,119.59178082191781,)]
[USC00177827:1887, 10.390728476821192,108.95394736842105,)]1888, -180.4,-53.6,)]
[USC00194875:1885, 7.558904109589041,136.33698630136988,)]1886, 13.24931506849315,142.2821917808219,)]1887, 15.819178082191781,142.35616438356163,)]1888, 7.254098360655738,131.3169398907104,)]1889, 40.49258160237389,160.4807121661721,)]
[USC00196988:1884, -52.205882352941174,1.3055555555555556,)]1885, 19.796143250688704,102.3489010989011,)]1886, 31.02747252747253,111.13150684931507,)]1887, 24.9010989010989,107.08493150684932,)]1888, 15.382513661202186,92.3743169398907,)]1889, -20.41304347826087,50.108695652173914,)]
[USC00200146:1887, 48.49065420560748,176.39252336448598,)]1888, -0.07923497267759563,124.5,)]1889, -13.750915750915752,118.63157894736842,)]
[USC00215638:1886, -9.591780821917808,103.41208791208791,)]1887, -17.575342465753426,95.30684931506849,)]1888, -13.502732240437158,86.67397260273972,)]1889, 3.336986301369863,115.52876712328766,)]
[USC00252065:1889, 181.82051282051282,292.37068965517244,)]
[USC00260507:1887, -13.340659340659341,91.17582417582418,)]1888, 33.34530386740332,163.19945355191257,)]1889, 17.314685314685313,175.13636363636363,)]
[USC00262383:1889, 121.44351464435147,251.35537190082644,)]
[USC00288878:1880, 101.07945205479452,175.02739726027397,)]1881, -44.610169491525426,28.64406779661017,)]1887, 130.93406593406593,196.07142857142858,)]1888, 90.25956284153006,158.39617486338798,)]1889, 99.35068493150685,171.54246575342466,)]
[USC00298072:1880, -3.278688524590164,149.8224043715847,)]1881, 41.410828025477706,173.97452229299364,)]1882, 32.950413223140494,163.7123287671233,)]1883, 3.915151515151515,128.35151515151514,)]1884, -59.14705882352941,53.41935483870968,)]1885, 30.663013698630138,154.85479452054796,)]1886, 31.643835616438356,153.91232876712328,)]1887, 35.277472527472526,160.9945205479452,)]1888, 37.73770491803279,159.2054794520548,)]1889, 37.463013698630135,159.9972602739726,)]
[USC00300958:1886, 30.184782608695652,119.27173913043478,)]1887, 74.07756232686981,158.05277777777778,)]1888, 26.113300492610836,81.34358974358975,)]1889, 45.99173553719008,116.7457627118644,)]
[USC00301010:1880, 48.650273224043715,121.90983606557377,)]1881, 45.054794520547944,124.66027397260274,)]1882, 46.915068493150685,119.23561643835616,)]1883, 30.5972602739726,114.75342465753425,)]1884, 37.549180327868854,119.66939890710383,)]1885, 27.69041095890411,108.16438356164383,)]1886, 40.44931506849315,120.83561643835617,)]1887, 42.515068493150686,126.9972602739726,)]1888, 32.96448087431694,108.93989071038251,)]1889, 49.484931506849314,119.78356164383561,)]
[USC00338366:1880, 69.26502732240438,153.38524590163934,)]1881, 70.3013698630137,151.23013698630137,)]1882, 66.42465753424658,147.6821917808219,)]1883, 47.66301369863014,137.5945205479452,)]1884, 55.69125683060109,144.34972677595627,)]1885, 40.25205479452055,128.57260273972602,)]1886, 40.88767123287671,138.72328767123287,)]1887, 46.0027397260274,142.7945205479452,)]1888, 39.459016393442624,134.34699453551912,)]1889, 53.441095890410956,145.90684931506848,)]
[USC00435733:1887, 18.284313725490197,131.48692810457516,)]1888, -10.702185792349727,95.7103825136612,)]1889, 9.101369863013698,112.40821917808219,)]
[USC00474966:1880, 42.814207650273225,135.86338797814207,)]1881, 41.323287671232876,133.4904109589041,)]1882, 44.43013698630137,132.72328767123287,)]1883, 16.473972602739725,110.64109589041095,)]1884, 20.349726775956285,109.3224043715847,)]1885, 13.775342465753425,101.23013698630137,)]1886, 25.67945205479452,121.61917808219178,)]1887, 23.660273972602738,123.26301369863013,)]1888, 17.505464480874316,108.7103825136612,)]1889, 36.62739726027397,126.75068493150685,)]
[USW00013872:1880, 15.403846153846153,116.11320754716981,)]1887, 79.34979423868313,184.89711934156378,)]1889, 73.39944134078212,190.60055865921788,)]
[USW00024121:1888, -13.575091575091575,228.2087912087912,)]1889, -28.528767123287672,222.62191780821917,)]
[USW00024157:1889, 31.348684210526315,149.05882352941177,)]
[USW00093852:1880, 174.2295081967213,259.0136612021858,)]1881, 173.5917808219178,257.9013698630137,)]1882, 174.90684931506848,258.6082191780822,)]1883, 175.6931506849315,260.7917808219178,)]1884, 167.94808743169398,255.37158469945356,)]1885, 159.42191780821918,247.27671232876713,)]1886, 155.86575342465753,245.43561643835616,)]1887, 155.53424657534248,252.73150684931508,)]1888, 159.4808743169399,257.344262295082,)]1889, 151.2931506849315,253.62465753424658,)]
[USW00094728:1880, 75.76229508196721,157.06284153005464,)]1881, 73.44657534246575,152.6958904109589,)]1882, 73.3972602739726,146.64383561643837,)]1883, 62.87397260273973,139.94520547945206,)]1884, 75.69398907103825,149.17534246575343,)]1885, 64.59452054794521,143.36712328767123,)]1886, 66.4958904109589,148.81643835616438,)]1887, 64.60164835164835,146.4945054945055,)]1888, 57.221311475409834,136.84699453551912,)]1889, 78.42465753424658,154.22465753424657,)]
[UZM00038618:1881, -9.8,Nan ,)]1882, 55.016666666666666,Nan ,)]1883, 68.41643835616438,Nan ,)]1884, 65.8224043715847,Nan ,)]1888, 83.08743169398907,Nan ,)]1889, 64.32054794520548,Nan ,)]
