[AGE00147718:1880, 147.88251366120218,306.6078431372549,)]1881, 157.99701492537312,283.8123076923077,)]1882, 139.66575342465754,271.7698630136986,)]1883, 127.04109589041096,274.2225433526012,)]1885, 147.18662952646238,270.0640668523677,)]1886, 145.8598901098901,266.3924418604651,)]1887, 142.98076923076923,268.5665722379603,)]1888, 152.98333333333332,277.3388888888889,)]1889, 145.0904109589041,268.71625344352617,)]
[ASN00076077:1889, 96.86138613861387,225.26237623762376,)]
[AU000005010:1880, 49.94808743169399,122.77322404371584,)]1881, 40.084931506849315,111.52602739726028,)]1882, 49.43287671232877,122.8082191780822,)]1883, 45.8027397260274,116.21917808219177,)]1884, 49.60109289617486,124.83333333333333,)]1885, 45.26301369863014,121.13972602739726,)]1886, 49.1945205479452,120.56438356164384,)]1887, 40.054794520547944,110.43287671232876,)]1888, 40.51912568306011,109.35792349726776,)]1889, 44.29041095890411,109.48493150684932,)]
[CA001101530:1881, 57.59327217125382,149.33639143730886,)]
[CA003012195:1880, -39.47674418604651,76.27906976744185,)]1881, -70.70890410958904,44.43728813559322,)]1882, -53.17796610169491,75.05633802816901,)]1883, -64.55014326647564,71.59312320916905,)]1884, -60.01652892561984,78.65564738292011,)]1885, -42.40547945205479,96.16712328767123,)]1886, -53.556164383561644,83.16712328767123,)]1887, -76.25641025641026,65.29235880398672,)]1888, -47.060109289617486,77.54098360655738,)]1889, -15.112328767123287,116.6054794520548,)]
[CA005063350:1880, -133.3306010928962,-43.904371584699454,)]1881, -118.65205479452055,-18.378082191780823,)]1882, -106.68219178082192,-4.16986301369863,)]1883, -220.9880239520958,-130.67664670658684,)]1885, -177.6086956521739,-117.81521739130434,)]1886, -125.3013698630137,-39.515068493150686,)]1887, -150.42739726027398,-60.704109589041096,)]1888, -133.92896174863387,-53.404371584699454,)]1889, -115.25943396226415,-22.30188679245283,)]
[CA006085023:1882, 88.64,217.12,)]1883, -95.42068965517241,47.234482758620686,)]1886, 17.48971193415638,141.3827160493827,)]1887, -47.83934426229508,113.93548387096774,)]1888, -35.21132075471698,108.45136186770428,)]1889, -38.403225806451616,119.78453038674033,)]
[CA006085682:1887, -139.25806451612902,-36.774193548387096,)]1888, -60.8671096345515,91.4717607973422,)]1889, -26.9811320754717,109.08962264150944,)]
[CA006106362:1880, -8.404371584699453,114.76229508196721,)]1881, 1.4945054945054945,122.85989010989012,)]1882, -5.529085872576177,110.35180055401662,)]1883, -23.26795580110497,99.43093922651934,)]1884, -17.724719101123597,106.73033707865169,)]1885, -18.18732782369146,103.0633608815427,)]1886, -6.237430167597766,108.9047619047619,)]1887, -14.443835616438356,109.0415512465374,)]1888, -92.5031055900621,25.012422360248447,)]
[CA006116128:1880, 15.78688524590164,117.68032786885246,)]1881, 20.136986301369863,128.03013698630136,)]1882, 9.167123287671233,110.48219178082192,)]1883, -14.199445983379501,92.14681440443213,)]1884, -6.502732240437158,101.21095890410959,)]1885, -24.057692307692307,84.68406593406593,)]1886, 4.851485148514851,102.3036303630363,)]1887, -10.437673130193906,113.36754966887418,)]1888, 10.626865671641792,109.83283582089553,)]1889, 12.386301369863014,111.76438356164384,)]
[CA006155876:1882, 18.941176470588236,106.59663865546219,)]1883, 4.183561643835616,99.62912087912088,)]1884, 8.132231404958677,118.10989010989012,)]1885, -1.3424657534246576,107.40934065934066,)]1886, 10.265193370165745,113.17403314917127,)]1887, 9.30110497237569,117.49447513812154,)]1888, -30.008196721311474,70.04098360655738,)]1889, 20.575342465753426,121.56712328767124,)]
[CA006158065:1889, 36.26865671641791,127.53618421052632,)]
[CA008101170:1880, -11.28,89.25287356321839,)]1881, -18.22316384180791,73.91292134831461,)]1882, -28.766016713091922,75.79329608938548,)]1883, -43.8756906077348,63.649171270718234,)]1884, -37.603305785123965,64.73351648351648,)]1885, -31.23463687150838,54.29044117647059,)]1886, -24.397759103641455,82.37254901960785,)]1887, -27.80979827089337,77.05763688760807,)]1888, -24.875,72.86666666666666,)]1889, -12.803370786516854,91.76815642458101,)]
[EIE00101859:1880, 65.0327868852459,139.19672131147541,)]1881, 61.12181303116147,127.78753541076487,)]1882, 49.23913043478261,98.97826086956522,)]1883, 65.11849710982659,129.71098265895955,)]1884, 72.27123287671233,134.5136612021858,)]1885, 63.85753424657534,130.31506849315068,)]1886, 66.25479452054795,128.55616438356165,)]1887, 65.73972602739725,137.96712328767123,)]1888, 67.7817679558011,133.2258953168044,)]1889, 72.71703296703296,137.3543956043956,)]
[RSM00027857:1881, -29.468842729970326,Nan ,)]1882, -7.542465753424658,Nan ,)]1883, -11.347945205479451,Nan ,)]1884, -21.366120218579233,Nan ,)]1887, -7.6876712328767125,Nan ,)]
[RSM00029348:1887, 94.0,247.0,)]
[RSM00031369:1881, -260.82142857142856,Nan ,)]1883, -14.766666666666667,Nan ,)]1884, -83.46666666666667,Nan ,)]1885, -79.15702479338843,Nan ,)]1886, -61.00568181818182,Nan ,)]1887, -64.48474576271187,Nan ,)]1888, -60.90633608815427,Nan ,)]1889, -59.17065868263473,Nan ,)]
[TSE00147775:1886, 168.51282051282053,254.18367346938774,)]1887, 155.98554913294797,229.3984962406015,)]1888, 157.72727272727272,219.51704545454547,)]1889, 145.6024096385542,236.15615615615616,)]
[UPM00033587:1885, 12.885245901639344,Nan ,)]1887, 25.36986301369863,127.73150684931507,)]1888, 20.06528189910979,127.1839762611276,)]1889, 16.19402985074627,103.96417910447761,)]
[USC00034988:1883, 145.61290322580646,247.7741935483871,)]1884, 91.95879120879121,208.98901098901098,)]1885, 87.45429362880887,206.4793388429752,)]1886, -33.847457627118644,64.83050847457628,)]
[USC00090430:1884, 129.4,250.78775510204082,)]1885, 86.02465753424657,201.74794520547945,)]1886, 92.55068493150685,203.45205479452054,)]1887, 97.56712328767124,198.5808219178082,)]1888, 106.56557377049181,222.84426229508196,)]1889, 113.68493150684931,214.6027397260274,)]
[USC00117391:1880, 151.6413043478261,281.9347826086956,)]1888, -43.58064516129032,53.45161290322581,)]1889, 44.654794520547945,158.46027397260275,)]
[USC00191820:1885, 30.115068493150684,114.02465753424657,)]1886, 36.184065934065934,110.81868131868131,)]1887, 37.52694610778443,115.1556886227545,)]
[USC00241008:1880, 72.0,239.0,)]
[USC00263040:1888, -34.06666666666667,117.6896551724138,)]1889, 27.201117318435752,179.22128851540617,)]
[USC00275997:1887, -25.663716814159294,94.12389380530973,)]1888, -0.7401315789473685,124.875,)]1889, 18.375,141.11337209302326,)]
[USC00287865:1880, 81.6311475409836,127.06557377049181,)]1881, 81.94246575342466,157.34246575342465,)]1882, 80.18082191780822,149.3945205479452,)]1883, 81.97032640949556,155.57566765578636,)]1884, 76.98907103825137,152.55464480874318,)]1885, 67.01369863013699,147.92602739726027,)]1886, 83.51497005988024,141.5119760479042,)]
[USC00316103:1882, 124.78260869565217,Nan ,)]
[USC00319191:1883, 139.50467289719626,230.47142857142856,)]1887, 12.172413793103448,117.79310344827586,)]1888, 88.59228650137742,206.11845730027548,)]1889, 94.08611111111111,202.8060941828255,)]
[USC00343300:1880, 94.19398907103825,219.29234972677597,)]1881, 107.58630136986301,231.2869318181818,)]1882, 100.11538461538461,224.8131868131868,)]1883, 93.0702479338843,223.34297520661158,)]1884, 118.97282608695652,250.34782608695653,)]1885, 70.64931506849315,215.25479452054793,)]1886, 94.83561643835617,227.3890410958904,)]1887, 97.69315068493151,227.2958904109589,)]1888, 86.22527472527473,216.1346153846154,)]1889, 94.33424657534246,220.5013698630137,)]
[USC00348285:1888, 22.0,183.0,)]
[USC00354506:1887, 35.75471698113208,187.32075471698113,)]1888, -9.5,110.31651376146789,)]1889, 20.49173553719008,159.85185185185185,)]
[USC00406012:1883, 20.5,138.45,)]
[USC00422996:1887, -378.2903225806452,-44.61290322580645,)]1888, -44.89344262295082,164.7431693989071,)]1889, -5.380821917808219,153.46849315068494,)]
[USC00485355:1881, 878.0,44.0,)]
[USW00024128:1880, 2.9201183431952664,172.28994082840237,)]1881, 17.4,173.41095890410958,)]1882, 4.421917808219178,159.96438356164384,)]1883, -29.64457831325301,123.53012048192771,)]1884, -51.483870967741936,66.3225806451613,)]1885, 33.364383561643834,180.7917808219178,)]1886, 17.13150684931507,177.4191780821918,)]1887, 7.306849315068493,178.73150684931508,)]1888, 19.90983606557377,178.39617486338798,)]1889, 20.66849315068493,179.0904109589041,)]
