[AGE00147712:1886, Nan ,170.0,)]1887, 79.375,230.41129032258064,)]1888, 106.9882697947214,249.09117647058824,)]1889, 91.06666666666666,215.9455252918288,)]
[ASN00094029:1882, 69.81454545454545,148.36,)]1883, 88.48209366391184,170.14958448753464,)]1884, 76.4478021978022,165.17403314917127,)]1885, 75.40273972602739,163.37808219178083,)]1886, 73.71232876712328,164.13150684931506,)]1887, 77.21095890410959,170.52328767123288,)]1888, 71.76923076923077,167.4010989010989,)]1889, 79.87671232876713,169.33698630136988,)]
[CA001100120:1889, -13.595744680851064,65.31914893617021,)]
[CA003032680:1885, 40.857142857142854,173.06349206349208,)]1886, -73.32727272727273,65.50909090909092,)]
[CA003033879:1886, 35.877450980392155,168.83333333333334,)]1887, -208.72881355932202,-99.89830508474576,)]
[CA003072657:1883, -181.83132530120483,-109.92682926829268,)]1884, -82.10684931506849,23.189560439560438,)]1885, -71.28531855955679,22.448467966573816,)]1886, -89.40495867768595,-4.002754820936639,)]1887, -188.125,-106.06008583690988,)]1888, -49.58361774744027,34.59154929577465,)]1889, -67.59025787965616,24.616045845272208,)]
[CA004016320:1883, -18.30841121495327,102.96261682242991,)]1884, -70.48189415041783,48.51532033426184,)]1885, -50.635616438356166,65.96986301369863,)]1886, -53.12054794520548,74.22465753424657,)]1887, -68.13150684931507,53.153424657534245,)]1888, -55.80054644808743,58.778688524590166,)]1889, -34.58904109589041,102.89315068493151,)]
[CA004016560:1883, -239.83870967741936,-107.35483870967742,)]1884, -82.13661202185793,52.275956284153004,)]1885, -59.057534246575344,75.0958904109589,)]1886, -61.73424657534247,77.21095890410959,)]1887, -74.68767123287671,61.36986301369863,)]1888, -308.741935483871,-203.67741935483872,)]
[CA005011760:1880, Nan ,-144.05882352941177,)]1881, -28.142045454545453,55.106849315068494,)]1882, -57.06849315068493,61.945205479452056,)]1883, -91.8958904109589,37.6,)]1884, -83.2103825136612,45.00819672131148,)]1885, -80.2986301369863,54.81917808219178,)]1886, -79.1917808219178,69.03287671232877,)]1887, -86.02465753424657,57.515068493150686,)]1888, -76.51092896174863,58.17486338797814,)]1889, -52.917808219178085,100.69589041095891,)]
[CA005022547:1880, -65.80601092896175,62.44808743169399,)]1881, -53.50410958904109,77.06027397260274,)]1882, -77.54605263157895,57.36842105263158,)]1883, -87.62191780821918,52.6986301369863,)]1884, -76.9672131147541,57.40710382513661,)]1885, -52.68904593639576,78.85159010600707,)]
[CA005062047:1884, Nan ,-45.0,)]1885, -315.89230769230767,-215.3030303030303,)]
[CA006059475:1888, -199.5,-49.22727272727273,)]1889, -63.4027397260274,75.52054794520548,)]
[CA006101658:1888, 17.536723163841806,145.3370786516854,)]1889, -10.964383561643835,117.75616438356164,)]
[CA006113000:1880, 0.13424657534246576,110.23013698630137,)]1881, 4.337912087912088,115.71703296703296,)]1882, 4.233516483516484,107.68406593406593,)]1883, -17.202739726027396,93.23351648351648,)]1884, -4.975342465753425,106.88219178082191,)]1885, -20.794520547945204,91.10989010989012,)]1886, -4.03013698630137,102.77808219178083,)]1887, -7.7162534435261705,114.44903581267218,)]1888, -17.636111111111113,98.075,)]1889, 2.3287292817679557,116.65013774104683,)]
[CA006116254:1880, -5.8743169398907105,105.12021857923497,)]1881, -1.8794520547945206,111.77534246575343,)]1882, -2.736986301369863,104.01369863013699,)]1883, -28.39178082191781,88.1013698630137,)]1884, -14.841530054644808,101.39344262295081,)]1885, -31.216438356164385,86.7095890410959,)]1886, -13.901369863013699,99.72876712328767,)]1887, -18.70958904109589,101.59178082191781,)]1888, -22.93169398907104,89.86065573770492,)]1889, 4.032876712328767,107.97808219178083,)]
[CA006120315:1882, 17.721311475409838,113.64754098360656,)]1883, 7.779944289693593,110.28969359331477,)]1884, 10.54,115.29799426934098,)]1885, -0.13424657534246576,105.11780821917809,)]1886, 14.052054794520547,121.11780821917809,)]1887, 18.087912087912088,124.91208791208791,)]1888, 8.270491803278688,112.69398907103825,)]1889, 25.375342465753423,123.16438356164383,)]
[CA006139520:1880, 39.3343949044586,149.64012738853503,)]1881, 36.16932907348243,149.65495207667732,)]1882, 37.26282051282051,144.01282051282053,)]1883, 19.511182108626198,133.56230031948883,)]1884, 25.9171974522293,143.0859872611465,)]1885, 13.217252396166135,128.65495207667732,)]1886, 25.156549520766774,144.89456869009584,)]1887, 24.4185303514377,146.2523961661342,)]
[CA006142993:1880, 25.806010928961747,128.34972677595627,)]1881, 23.567123287671233,132.27671232876713,)]1882, 20.4,125.36712328767123,)]1883, 0.07417582417582418,110.1456043956044,)]1884, 11.92876712328767,120.99178082191781,)]1885, -1.0328767123287672,105.44657534246575,)]1886, 13.12054794520548,121.44383561643835,)]
[CA006165195:1886, -114.98360655737704,-3.7868852459016393,)]1887, -38.93698630136986,115.81643835616438,)]1888, -41.377049180327866,100.5327868852459,)]1889, -15.849315068493151,117.48493150684932,)]
[CA007025280:1880, 10.734972677595628,110.99180327868852,)]1881, 20.589041095890412,111.58082191780822,)]1882, 12.953424657534246,98.17808219178082,)]1883, -1.9698630136986301,89.47123287671234,)]1884, 9.327868852459016,98.06830601092896,)]1885, -0.536986301369863,86.04657534246576,)]1886, 8.361643835616439,97.23835616438356,)]1887, 5.890410958904109,95.64931506849315,)]1888, 3.2240437158469946,85.93989071038251,)]1889, 21.704109589041096,102.75890410958904,)]
[CA008100500:1880, -17.0,87.61980830670926,)]1881, -56.85087719298246,44.016949152542374,)]1882, -21.20655737704918,98.72786885245901,)]1883, -48.42238267148014,75.35018050541517,)]1884, -27.674418604651162,93.61627906976744,)]1885, -22.20234604105572,100.80351906158357,)]1886, -23.392156862745097,104.1484593837535,)]1887, -35.76601671309192,95.36944444444444,)]1888, -24.799418604651162,101.84507042253522,)]1889, -2.2521246458923514,127.47025495750708,)]
[CA008101700:1880, -17.188524590163933,110.69398907103825,)]1881, -5.164383561643835,108.96986301369863,)]1882, -17.356164383561644,103.88493150684931,)]1883, -30.172602739726027,99.86849315068493,)]1884, -17.846994535519126,101.56557377049181,)]1885, -21.54794520547945,104.68767123287671,)]1886, -10.26849315068493,104.33150684931506,)]1887, -15.575342465753424,98.77808219178083,)]1888, -14.062841530054644,93.02459016393442,)]1889, 5.101369863013699,116.07123287671233,)]
[CA008103825:1886, 32.08988764044944,151.12359550561797,)]1887, -11.937125748502995,100.26726726726727,)]1888, -25.114754098360656,56.09836065573771,)]1889, -8.58904109589041,101.52328767123288,)]
[CE000043497:1880, 237.01381215469613,306.5382513661202,)]1881, 239.47671232876712,302.8493150684931,)]1882, 236.92876712328768,301.3424657534247,)]1883, 233.986301369863,300.2191780821918,)]1884, 233.15300546448088,292.77322404371586,)]1885, 234.4931506849315,290.8109589041096,)]1886, 233.31506849315068,288.6011235955056,)]1887, 230.06849315068493,295.44884488448844,)]1888, 233.30601092896174,304.0464480874317,)]1889, 235.78082191780823,306.6876712328767,)]
[RSM00024944:1882, -168.70909090909092,Nan ,)]
[RSM00032061:1881, -45.53611111111111,Nan ,)]1882, -40.583561643835615,Nan ,)]1883, -54.704109589041096,Nan ,)]1884, -68.38251366120218,Nan ,)]1885, -64.02465753424657,Nan ,)]1886, -44.843835616438355,Nan ,)]1887, -53.52054794520548,Nan ,)]1888, -48.35245901639344,Nan ,)]1889, -66.36712328767123,Nan ,)]
[RSM00034880:1881, 48.72054794520548,138.42191780821918,)]1882, 58.9013698630137,149.0,)]1883, 50.865753424657534,149.44383561643835,)]1884, 49.14754098360656,143.53551912568307,)]1885, 46.37808219178082,150.33972602739726,)]1886, 8.458563535911603,111.61878453038673,)]1889, -113.19354838709677,-62.516129032258064,)]
[USC00047738:1880, 109.67486338797814,188.77322404371586,)]1881, 117.14246575342466,200.0027397260274,)]1882, 115.23013698630137,197.013698630137,)]1883, 124.55068493150685,205.0027397260274,)]1884, 120.98087431693989,200.827868852459,)]1885, 129.3835616438356,210.36986301369862,)]1886, 125.16986301369863,198.14520547945204,)]1887, 123.27945205479452,195.46027397260275,)]1888, 131.82513661202185,199.18032786885246,)]1889, 127.40821917808219,212.0109589041096,)]
[USC00068138:1888, 63.52336448598131,167.39252336448598,)]1889, 40.797260273972604,129.39221556886227,)]
[USC00172426:1889, 63.0,124.8,)]
[USC00191097:1884, -26.216666666666665,59.56666666666667,)]1885, 38.87227414330218,133.72530864197532,)]1886, 41.17906336088154,132.97796143250687,)]1887, 41.460055096418735,132.12983425414365,)]1888, 33.37640449438202,120.958217270195,)]1889, 52.11363636363637,136.90027700831024,)]
[USC00194313:1885, 146.09677419354838,241.4516129032258,)]1889, 45.137362637362635,146.18356164383562,)]
[USC00201215:1889, 126.96774193548387,214.20967741935485,)]
[USC00254812:1882, -28.425,-256.275,)]
[USC00419421:1883, 193.3177570093458,342.1448598130841,)]1884, 185.08095238095237,307.0379146919431,)]1885, 191.0054347826087,303.67934782608694,)]1886, 200.88717948717948,319.3948717948718,)]1887, 203.42391304347825,324.32608695652175,)]1888, 162.06405693950177,278.83274021352315,)]
[USC00444876:1889, 91.79906542056075,215.83177570093457,)]
[USC00456109:1880, 43.648648648648646,137.95810055865923,)]1881, 53.09880239520958,138.45209580838323,)]1882, 50.536986301369865,141.75616438356164,)]1883, 52.397260273972606,146.74246575342465,)]1884, 53.53551912568306,150.35792349726776,)]1885, 59.084931506849315,168.36438356164385,)]1886, 53.704109589041096,155.4931506849315,)]1887, 47.15890410958904,144.1205479452055,)]1888, 55.885245901639344,157.47540983606558,)]1889, 54.49315068493151,165.16164383561645,)]
[USW00053875:1880, 114.5846994535519,207.75409836065575,)]1881, 115.65205479452055,211.85205479452054,)]1882, 115.97534246575343,208.42739726027398,)]1883, 113.83287671232877,214.16438356164383,)]1884, 107.99180327868852,208.3551912568306,)]1885, 97.77260273972603,197.06575342465754,)]1886, 92.25205479452055,199.3068493150685,)]1887, 104.66027397260274,215.75068493150684,)]1888, 105.27049180327869,211.54371584699453,)]1889, 102.95616438356164,213.33424657534246,)]
