[AGE00147713:1880, 79.93939393939394,207.63287671232877,)]1881, 79.34246575342466,214.39178082191782,)]1882, 69.0415512465374,210.47619047619048,)]1886, 97.62949640287769,222.97491039426524,)]1887, 82.69578313253012,205.98159509202455,)]1888, 74.66101694915254,203.2130681818182,)]1889, 69.1455938697318,173.63636363636363,)]
[AM000037789:1886, 45.172602739726024,Nan ,)]1887, 49.21643835616438,Nan ,)]1888, -15.262295081967213,Nan ,)]1889, 62.76438356164383,Nan ,)]
[ASN00023000:1887, 114.34883720930233,208.61739130434782,)]1888, 121.3224043715847,227.65027322404373,)]1889, 120.32054794520548,217.01643835616437,)]
[ASN00026026:1884, 94.87931034482759,187.10526315789474,)]1885, 93.16712328767123,182.44729344729345,)]1886, 91.87945205479453,187.35616438356163,)]1887, 94.06301369863014,187.1917808219178,)]1888, 91.42622950819673,189.2431693989071,)]1889, 94.78904109589041,191.25753424657535,)]
[ASN00040214:1887, 149.9368131868132,245.013698630137,)]1888, 148.58743169398906,256.77868852459017,)]1889, 160.23013698630137,255.94794520547944,)]
[ASN00044022:1889, 116.39183673469388,257.2887029288703,)]
[AU000005901:1880, 57.12841530054645,138.99180327868854,)]1881, 47.9013698630137,122.95068493150686,)]1882, 61.057534246575344,142.06575342465754,)]1883, 54.24109589041096,128.27671232876713,)]1884, 56.595628415300546,135.52732240437157,)]1885, 54.057534246575344,136.6931506849315,)]1886, 55.74794520547945,133.94794520547944,)]1887, 49.16712328767123,124.81369863013698,)]1888, 45.44535519125683,121.6775956284153,)]1889, 52.18630136986302,123.26301369863013,)]
[AU000011801:1880, 36.8551912568306,136.9672131147541,)]1881, 36.14794520547945,131.0191780821918,)]1882, 37.827397260273976,136.1123287671233,)]1883, 31.964383561643835,125.83561643835617,)]1884, 44.5,126.22131147540983,)]1885, 40.76438356164383,132.46849315068494,)]1886, 46.57534246575342,130.83013698630137,)]1887, 39.42739726027397,118.0,)]1888, 42.08743169398907,120.05191256830601,)]
[CA001090660:1888, -22.35223880597015,110.15625,)]1889, -21.29639889196676,80.1606648199446,)]
[CA003050520:1887, -193.41176470588235,-74.17647058823529,)]1888, -134.1931818181818,-7.034090909090909,)]1889, -86.03973509933775,59.794701986754966,)]
[CA004040420:1880, -102.40963855421687,62.44159544159544,)]1881, -102.26285714285714,40.462857142857146,)]1882, -117.61224489795919,3.326530612244898,)]1883, -196.5549132947977,-58.60919540229885,)]1884, -107.42745098039215,8.662745098039215,)]1885, -290.07142857142856,-188.71428571428572,)]1886, -119.77777777777777,-0.1111111111111111,)]
[CA005012279:1886, -31.484662576687118,115.3689024390244,)]1887, -128.82165605095543,67.60915492957747,)]1888, -48.95505617977528,64.88764044943821,)]1889, -11.343971631205674,124.69675090252707,)]
[CA006055095:1882, -35.78260869565217,50.09782608695652,)]
[CA006110549:1880, 8.178571428571429,116.79945054945055,)]1881, 8.81043956043956,124.85989010989012,)]1882, 10.038461538461538,118.4065934065934,)]1883, -8.857534246575343,98.75342465753425,)]1884, 2.5835616438356164,109.11232876712329,)]1885, -10.376373626373626,93.72802197802197,)]1886, -0.3259668508287293,113.8393351800554,)]1887, 2.087912087912088,114.87637362637362,)]
[CA006113660:1880, -42.06716417910448,86.32835820895522,)]1881, -36.8159509202454,115.2469512195122,)]1882, -32.384892086330936,122.36071428571428,)]1883, -29.22222222222222,97.04746835443038,)]1884, -8.47985347985348,108.82051282051282,)]1885, -90.37810945273633,29.218905472636816,)]
[CA006129850:1881, 73.1534090909091,184.27272727272728,)]1882, 23.887671232876713,127.79178082191781,)]1883, -3.0875706214689265,111.87671232876713,)]1884, 12.1448087431694,120.78688524590164,)]1885, -0.5287671232876713,106.45753424657535,)]1886, 14.013698630136986,119.7041095890411,)]1887, 15.542465753424658,124.64109589041095,)]1888, 7.644808743169399,112.41256830601093,)]1889, 26.336986301369862,127.61643835616438,)]
[CA006142252:1889, 24.79874213836478,117.99371069182389,)]
[CA006148100:1880, 15.829608938547485,119.49162011173185,)]1881, 13.808219178082192,129.16438356164383,)]1882, 5.047197640117994,108.42182890855457,)]1883, -5.742465753424658,104.17260273972603,)]1884, 3.9972602739726026,114.6027397260274,)]1885, -7.5917808219178085,98.1945205479452,)]1886, 8.073972602739726,111.4904109589041,)]1887, 3.451523545706371,115.42382271468144,)]1888, -1.5867768595041323,105.58126721763085,)]
[CA008104500:1883, -47.5735294117647,73.10958904109589,)]
[CA008403500:1880, 0.04918032786885246,83.49726775956285,)]1881, 0.8410958904109589,83.75068493150685,)]1882, -6.120547945205479,88.59178082191781,)]1883, -7.201657458563536,106.2396694214876,)]1884, -11.084699453551913,80.74863387978142,)]1885, 7.293150684931507,88.99178082191781,)]1886, 9.115068493150686,96.6,)]1887, 1.073972602739726,89.90958904109588,)]1888, 3.2950819672131146,80.00819672131148,)]1889, 22.94413407821229,111.83240223463687,)]
[KZ000035700:1881, 24.42608695652174,Nan ,)]1882, -116.38709677419355,Nan ,)]1885, -0.8114754098360656,43.08139534883721,)]1886, Nan ,118.64657534246575,)]1887, Nan ,244.1138211382114,)]
[RSM00023804:1888, -4.817843866171004,Nan ,)]1889, -29.395604395604394,Nan ,)]
[RSM00027051:1883, -40.51086956521739,Nan ,)]1884, -52.84,Nan ,)]
[RSM00028275:1887, -149.8360655737705,Nan ,)]1888, -51.743169398907106,Nan ,)]1889, -49.99452054794521,Nan ,)]
[RSM00034163:1884, -20.76502732240437,Nan ,)]
[SZ000006717:1880, -23.901639344262296,24.685792349726775,)]1881, -31.063013698630137,18.4986301369863,)]1882, -30.339726027397262,19.865753424657534,)]1883, -42.95890410958904,7.794520547945205,)]1884, -41.24863387978142,12.879781420765028,)]1885, -43.8054794520548,14.967123287671233,)]1886, -49.945205479452056,20.0986301369863,)]1887, -58.01917808219178,15.706849315068494,)]1888, -52.240437158469945,17.23224043715847,)]1889, -54.16438356164384,10.586301369863014,)]
[TSE00147769:1886, 140.3840579710145,233.2626728110599,)]1887, 116.95774647887323,231.7134831460674,)]1888, 117.39520958083833,231.70278637770897,)]1889, 116.2262996941896,229.27051671732522,)]
[UPM00033976:1882, 101.21369863013699,150.6,)]1883, 48.14150943396226,90.39150943396227,)]1885, 101.17534246575343,148.55890410958904,)]
[USC00174230:1885, -25.348837209302324,57.252873563218394,)]1886, 6.108882521489972,112.81024096385542,)]1887, -24.786713286713287,75.11827956989248,)]1888, -6.509578544061303,74.6526717557252,)]1889, 31.09667673716012,116.67272727272727,)]
[USC00190830:1889, 64.75342465753425,146.65753424657535,)]
[USC00192010:1885, 3.265625,Nan ,)]1886, -15.75414364640884,4.387096774193548,)]1887, 4.161184210526316,112.52805280528052,)]1888, 18.75414364640884,128.95580110497238,)]1889, 39.010989010989015,144.87016574585635,)]
[USC00198374:1885, 71.64673913043478,176.79738562091504,)]1886, 38.07123287671233,157.3945205479452,)]1887, 40.714285714285715,153.85479452054796,)]1888, 19.57704918032787,126.57377049180327,)]1889, 56.97260273972603,157.0986301369863,)]
[USC00198960:1885, 78.8663101604278,201.85714285714286,)]1886, 34.987096774193546,155.86996904024767,)]1887, 25.35542168674699,146.10919540229884,)]1888, 15.333333333333334,136.84984984984985,)]1889, 44.52842809364549,147.65814696485623,)]
[USC00264939:1885, 38.83988764044944,180.15168539325842,)]1886, 29.66849315068493,172.7780821917808,)]1887, 15.810958904109588,171.0082191780822,)]1888, 27.866071428571427,176.73511904761904,)]1889, -10.013245033112582,132.28476821192052,)]
[USC00266252:1888, 14.446022727272727,183.33879781420765,)]1889, 6.798165137614679,198.57808219178082,)]
[USC00271682:1880, 31.081967213114755,156.52732240437157,)]1881, 32.778082191780825,149.53150684931506,)]1882, 21.528767123287672,145.91232876712328,)]1883, 10.263013698630138,137.95342465753424,)]1884, 26.674863387978142,132.84972677595627,)]1885, 15.035616438356165,126.72328767123288,)]1886, 24.90684931506849,134.84931506849315,)]1887, 25.731506849315068,129.67123287671234,)]1888, 17.669398907103826,120.96174863387978,)]1889, 35.20821917808219,141.2931506849315,)]
[USC00279307:1886, -21.58,122.93288590604027,)]1887, -2.646067415730337,111.61148648648648,)]1889, -12.453038674033149,127.11602209944752,)]
[USC00354670:1887, 30.09090909090909,183.9878787878788,)]1888, -12.547619047619047,125.51968503937007,)]
[USC00481816:1881, 100.0,267.0,)]
[USW00023271:1880, 86.46027397260274,203.78630136986303,)]1881, 99.56164383561644,214.45479452054795,)]1882, 93.37362637362638,212.28021978021977,)]1883, 93.07945205479452,219.46849315068494,)]1884, 98.73497267759562,211.71038251366122,)]1885, 110.64931506849315,229.6767123287671,)]1886, 94.27222222222223,217.825,)]1887, 87.87123287671233,228.08767123287672,)]1888, 97.72328767123288,230.53698630136986,)]1889, 96.44109589041096,225.21369863013697,)]
