[ASN00038003:1888, 158.525,328.0734463276836,)]1889, 176.67123287671234,329.94246575342464,)]
[BE000006447:1880, 57.16120218579235,136.70218579234972,)]1881, 49.276712328767125,126.63287671232877,)]1882, 58.172602739726024,131.03287671232877,)]1883, 55.04383561643836,131.2986301369863,)]1884, 59.01639344262295,138.84699453551912,)]1885, 47.21369863013699,126.41917808219178,)]1886, 53.202739726027396,132.16986301369863,)]1887, 41.43561643835616,120.6986301369863,)]1888, 44.385245901639344,117.39344262295081,)]1889, 52.07397260273972,124.13698630136986,)]
[CA001104468:1880, 32.540192926045016,117.016077170418,)]1881, 46.33482142857143,142.12389380530973,)]1882, -7.285714285714286,64.16666666666667,)]
[CA003072145:1880, -97.4153005464481,50.22527472527472,)]1881, -78.27123287671233,59.843835616438355,)]1882, -81.19263456090651,70.77259475218659,)]1884, -4.292887029288703,141.5774058577406,)]1886, -114.51461988304094,34.771929824561404,)]
[CA004028035:1885, -108.41935483870968,1.8387096774193548,)]1886, -36.55922865013774,106.80716253443526,)]1887, -54.09041095890411,81.32328767123288,)]1888, -45.978142076502735,90.02185792349727,)]1889, -31.065753424657533,123.9013698630137,)]
[CA005022790:1880, -59.581717451523545,63.96338028169014,)]1881, -39.51304347826087,105.46666666666667,)]1882, Nan ,77.98520710059172,)]1883, -68.53221288515407,46.39171974522293,)]1884, -62.24657534246575,59.87123287671233,)]1885, -71.55524861878453,67.57617728531856,)]1886, -60.035714285714285,75.50824175824175,)]1887, -70.20821917808219,65.24657534246575,)]1888, -61.40163934426229,69.58196721311475,)]1889, -44.443835616438356,100.18630136986302,)]
[CA006046588:1880, -53.23224043715847,65.81420765027322,)]1881, -37.47945205479452,77.72876712328767,)]1882, -33.67123287671233,78.12602739726027,)]1883, -68.17534246575343,61.583561643835615,)]1884, -54.775956284153004,64.82786885245902,)]1885, -54.772602739726025,57.772602739726025,)]1886, -44.72054794520548,68.16986301369863,)]1887, -49.76986301369863,63.989041095890414,)]1888, -50.31693989071038,59.560109289617486,)]1889, -29.126027397260273,85.24931506849315,)]
[CA006102417:1880, 19.841216216216218,144.565371024735,)]1881, 60.256410256410255,184.33185840707964,)]1882, -10.03323262839879,121.87987012987013,)]1883, -25.210227272727273,106.58753709198812,)]1884, -1.6254295532646048,134.7344827586207,)]1885, -36.7108843537415,113.5513698630137,)]
[CA006104185:1880, 24.311475409836067,126.30601092896175,)]1881, 24.424657534246574,127.7041095890411,)]1882, 24.512328767123286,121.16986301369863,)]1883, 4.189041095890411,101.58630136986301,)]1884, 16.497267759562842,106.96448087431693,)]1885, 3.6575342465753424,92.91232876712328,)]1886, 16.621917808219177,106.18082191780822,)]1887, 18.482191780821918,108.46301369863014,)]1888, 12.972677595628415,101.71584699453553,)]1889, 33.35068493150685,113.04657534246576,)]
[CA006105887:1880, 6.108333333333333,120.81111111111112,)]1881, -50.064516129032256,55.70322580645161,)]1882, -34.59782608695652,40.67391304347826,)]1883, -17.36986301369863,89.14246575342466,)]1884, -15.857534246575343,104.37808219178082,)]1885, -21.912328767123288,85.46301369863014,)]1886, -8.906849315068493,92.42465753424658,)]1887, -11.535714285714286,100.4532967032967,)]1888, -8.375342465753425,95.47945205479452,)]1889, 6.482191780821918,112.07671232876713,)]
[CA006140941:1881, 74.35249042145594,202.05343511450383,)]1882, 21.99142857142857,131.8942857142857,)]1883, -42.121212121212125,69.74242424242425,)]1884, 8.786703601108034,127.65927977839335,)]1885, -4.590909090909091,111.2215909090909,)]1886, 27.87037037037037,127.10364145658264,)]1887, 17.02770083102493,135.6778711484594,)]1888, 6.59065934065934,122.57575757575758,)]1889, -34.20666666666666,74.63333333333334,)]
[CA006143083:1881, 86.99555555555555,183.19574468085105,)]1882, 28.480555555555554,119.77285318559557,)]1883, 4.898351648351649,107.31593406593407,)]1884, 5.286885245901639,120.51912568306011,)]1885, -13.572727272727272,99.21212121212122,)]1886, 4.624657534246575,118.62465753424658,)]1887, 6.016483516483516,121.9641873278237,)]1888, 0.48342541436464087,110.89531680440771,)]1889, 9.389972144846796,126.08100558659218,)]
[CA006152007:1882, 61.33168316831683,169.89162561576356,)]1883, -1.4022038567493114,110.36088154269973,)]1884, 10.487603305785123,119.43526170798899,)]1885, -1.4116022099447514,105.52486187845304,)]1886, 8.238888888888889,118.21111111111111,)]1887, 12.052631578947368,122.31024930747922,)]1888, 0.15846994535519127,115.00819672131148,)]1889, 20.15068493150685,128.2,)]
[CA007021952:1880, -22.707650273224044,88.28142076502732,)]1881, -17.464285714285715,89.09615384615384,)]1882, -31.09041095890411,74.55890410958904,)]1883, -45.676712328767124,68.86027397260274,)]1884, -29.80327868852459,78.33060109289617,)]1885, -36.86813186813187,80.36263736263736,)]1886, -30.28021978021978,82.70604395604396,)]1887, -37.66575342465753,77.38630136986302,)]1888, -37.17213114754098,65.98087431693989,)]1889, -17.03835616438356,90.83561643835617,)]
[CA007023240:1880, 5.546448087431694,105.39617486338798,)]1881, 6.938028169014085,99.94647887323944,)]1882, 6.676880222841226,99.2284122562674,)]1883, -11.355371900826446,90.92561983471074,)]1884, 0.3342618384401114,101.79945054945055,)]1885, -10.36986301369863,85.98630136986301,)]1886, -2.2054794520547945,97.38630136986302,)]1887, -7.0,96.9041095890411,)]1888, -6.560109289617486,87.05737704918033,)]1889, 12.024657534246575,103.5095890410959,)]
[CA007061440:1880, -151.44827586206895,11.415584415584416,)]1881, -78.12307692307692,30.653846153846153,)]1882, -40.89310344827586,87.53793103448275,)]1883, -41.263345195729535,90.1,)]1884, -42.507751937984494,60.34177215189873,)]1885, -48.11357340720222,65.6657458563536,)]1886, -41.21590909090909,70.07670454545455,)]1887, -39.87536231884058,72.59428571428572,)]1888, -40.421203438395416,71.98850574712644,)]1889, -27.58073654390935,86.80681818181819,)]
[CA008104800:1880, 10.53825136612022,88.33060109289617,)]1881, 14.835616438356164,87.23835616438356,)]1882, 5.361643835616438,81.26301369863013,)]1883, -1.8969359331476323,86.85793871866295,)]1884, 0.23224043715846995,89.59289617486338,)]1885, -2.3917808219178083,91.63561643835617,)]1886, 3.654696132596685,98.03867403314918,)]1887, -0.38082191780821917,92.01369863013699,)]1888, -0.06318681318681318,84.22527472527473,)]1889, 20.73972602739726,102.83835616438355,)]
[CA008205988:1880, -6.401639344262295,113.03825136612022,)]1881, -0.8622589531680441,107.98618784530387,)]1882, -5.458563535911602,103.91735537190083,)]1883, -20.635258358662615,94.42944785276073,)]1884, -3.284507042253521,104.46796657381616,)]1885, -3.9519774011299433,112.57062146892656,)]1886, 7.198895027624309,117.35812672176309,)]1887, -3.3333333333333335,110.31932773109244,)]1888, -2.069060773480663,100.85635359116021,)]1889, 17.818181818181817,125.12947658402204,)]
[CA008206410:1880, -37.53947368421053,67.92105263157895,)]1881, 21.284900284900285,103.45425867507886,)]1882, 10.143250688705233,101.63461538461539,)]1883, -135.10526315789474,69.56424581005587,)]
[CA008300298:1880, 3.271978021978022,91.6456043956044,)]1881, 6.145205479452055,89.75274725274726,)]1882, -1.1232876712328768,85.38356164383562,)]1883, -4.336986301369863,87.36986301369863,)]1884, -5.60655737704918,84.61748633879782,)]1885, -0.07945205479452055,92.32876712328768,)]1886, -33.29834254143646,61.92265193370166,)]1888, 54.54347826086956,125.35326086956522,)]1889, 30.15068493150685,107.17260273972603,)]
[CA008300441:1880, -9.581967213114755,91.17213114754098,)]1881, -2.7793296089385473,86.62011173184358,)]1882, -10.746438746438747,82.80626780626781,)]1883, -17.506849315068493,88.24931506849315,)]1884, -14.07103825136612,80.57103825136612,)]1885, -9.824657534246576,91.72876712328767,)]1886, -4.082191780821918,96.7972602739726,)]1887, -11.876712328767123,88.84657534246575,)]1888, -11.238356164383562,82.36612021857924,)]1889, 8.6,110.42465753424658,)]
[CA008401125:1880, -107.2396694214876,-0.8,)]1881, -7.678571428571429,Nan ,)]1882, -19.424657534246574,Nan ,)]1883, -33.293150684931504,Nan ,)]1884, -138.8,Nan ,)]
[DA000027080:1880, 43.314207650273225,109.77322404371584,)]1881, 29.75890410958904,91.95505617977528,)]1882, 58.62465753424657,112.67671232876712,)]1883, 50.81369863013698,104.59452054794521,)]1884, 56.46174863387978,109.13387978142076,)]1885, 43.87945205479452,101.9972602739726,)]1886, 42.94794520547945,103.9068493150685,)]1887, 40.85753424657534,102.65479452054795,)]1888, 34.885245901639344,90.30054644808743,)]1889, 49.1013698630137,106.69315068493151,)]
[DA000032030:1880, 53.33879781420765,102.08196721311475,)]1881, 41.05205479452055,87.3972602739726,)]1882, 61.726027397260275,107.42191780821918,)]1883, 50.78082191780822,96.6082191780822,)]1884, 57.4344262295082,105.6584699453552,)]1885, 53.153424657534245,100.08219178082192,)]1886, 52.536986301369865,104.00821917808219,)]1887, 51.49589041095891,99.64931506849315,)]1888, 41.521857923497265,83.62290502793296,)]1889, 50.057534246575344,96.37808219178082,)]
[KZ000035188:1884, -8.494565217391305,Nan ,)]1885, -45.01796407185629,Nan ,)]
[RSM00022845:1886, 0.6306306306306306,Nan ,)]1887, -67.64238410596026,Nan ,)]
[USC00023096:1883, 161.49382716049382,306.65432098765433,)]1889, 118.90119760479043,212.73952095808383,)]
[USC00030936:1883, 191.14814814814815,298.19417475728153,)]1884, 137.75,296.73015873015873,)]1885, 187.568345323741,307.0508474576271,)]1886, 176.38181818181818,298.97076023391816,)]1887, 215.51470588235293,326.09027777777777,)]1888, 193.86486486486487,302.6857142857143,)]1889, 174.54807692307693,279.0761904761905,)]
[USC00134049:1883, 87.68727272727273,151.95636363636365,)]1884, 58.15223880597015,119.5223880597015,)]1885, 33.26301369863014,93.54246575342465,)]1886, 47.446575342465756,112.07123287671233,)]1887, 44.4027397260274,111.85753424657534,)]1888, -189.80645161290323,-121.41935483870968,)]
[USC00172740:1886, 5.814814814814815,125.08389261744966,)]1887, -3.9461756373937678,123.90462427745665,)]1888, -10.634349030470915,103.85164835164835,)]1889, 22.451612903225808,161.29032258064515,)]
[USC00176655:1885, 86.89671361502347,142.33802816901408,)]1886, -6.6490066225165565,41.43046357615894,)]
[USC00194340:1885, -40.16129032258065,117.00833333333334,)]1886, 32.42089552238806,133.5917808219178,)]1887, 12.613698630136986,133.92328767123288,)]1888, -0.0273224043715847,119.79234972677595,)]1889, 25.646575342465752,139.0054794520548,)]
[USC00194795:1885, 74.33061224489796,178.58775510204083,)]1886, 32.88219178082192,138.87671232876713,)]1887, 36.9041095890411,136.32602739726028,)]1888, 25.161643835616438,125.94808743169399,)]1889, 45.48760330578512,142.58356164383562,)]
[USC00195145:1888, 134.79508196721312,222.88333333333333,)]1889, 97.40579710144928,165.44174757281553,)]
[USC00198375:1884, -18.016393442622952,82.1311475409836,)]1885, 27.583561643835615,149.87123287671233,)]1886, 34.205479452054796,150.4986301369863,)]1887, 43.713467048710605,155.0911680911681,)]1888, 23.846575342465755,138.82465753424657,)]1889, 45.136986301369866,154.26301369863015,)]
[USC00201744:1889, 63.459016393442624,176.40983606557376,)]
[USC00202466:1889, 149.11290322580646,272.2096774193548,)]
[USC00267835:1887, -44.5,147.88524590163934,)]1888, 66.13333333333334,322.1333333333333,)]
[USC00268761:1887, -60.645161290322584,74.1923076923077,)]1889, 82.96846846846847,187.94117647058823,)]
[USC00275072:1885, 62.70909090909091,179.57818181818183,)]1886, 37.77124183006536,157.79738562091504,)]1887, 19.231197771587745,123.18994413407822,)]1888, 15.942424242424243,123.13432835820896,)]1889, 28.701219512195124,132.54954954954954,)]
[USC00278875:1885, 44.90217391304348,150.2336956521739,)]1886, -106.03389830508475,-32.13559322033898,)]
[USC00313228:1882, Nan ,-27.0,)]
[USC00486120:1881, 211.0,44.0,)]
[USW00023068:1884, 64.97005988023952,180.53592814371257,)]1888, 59.680851063829785,222.2127659574468,)]1889, 34.632876712328766,189.71506849315068,)]
