[AGE00147715:1886, 99.94444444444444,227.25,)]1887, 113.0,266.73366834170855,)]1888, 93.30113636363636,238.87921348314606,)]1889, 88.6687306501548,237.90273556231003,)]
[ASN00014016:1885, 230.3223880597015,328.1283582089552,)]1886, 237.48219178082192,334.35616438356163,)]1887, 227.14246575342466,325.87397260273974,)]1888, 234.3415300546448,336.3224043715847,)]1889, 240.53150684931506,339.9972602739726,)]
[ASN00015540:1880, 124.64207650273224,306.5109289617486,)]1881, 133.05205479452056,303.55890410958904,)]1882, 133.57260273972602,284.91506849315067,)]1883, 120.37637362637362,298.05753424657536,)]1884, 126.74863387978142,299.6639344262295,)]1885, 118.48901098901099,296.6849315068493,)]1886, 124.30684931506849,295.1868131868132,)]1887, 122.47397260273972,289.90410958904107,)]1888, 133.2554945054945,301.22677595628414,)]1889, 139.15890410958903,301.213698630137,)]
[ASN00063004:1880, 64.68939393939394,202.01520912547528,)]1881, 61.52290076335878,202.04961832061068,)]1882, 66.51937984496124,210.22779922779924,)]1883, 58.86821705426357,203.09652509652508,)]1884, 62.44615384615385,216.15,)]1885, 62.130434782608695,219.4496124031008,)]1886, 66.74524714828897,211.35361216730038,)]1887, 70.53076923076924,198.77692307692308,)]1888, 55.08880308880309,228.84942084942085,)]1889, 71.66153846153846,223.46153846153845,)]
[CA001105550:1880, 39.055865921787706,120.70949720670392,)]1881, 47.108635097493035,130.35933147632312,)]1882, -19.796610169491526,30.016949152542374,)]
[CA004056230:1884, -163.15841584158414,-14.237623762376238,)]1885, -108.13168724279835,43.5679012345679,)]1886, -112.33147632311977,63.77437325905292,)]1887, -88.30258302583026,65.12177121771218,)]1888, -119.921875,113.52631578947368,)]1889, -69.85474860335195,86.45251396648045,)]
[CA005012520:1883, -118.67826086956522,6.9,)]1884, -82.37362637362638,41.797814207650276,)]1885, -75.15426997245179,53.0,)]1886, -79.04383561643836,63.30958904109589,)]1887, -87.8,51.78630136986301,)]1888, -82.47790055248619,47.467213114754095,)]1889, -66.65934065934066,88.85989010989012,)]
[CA006124700:1886, 53.546728971962615,163.093896713615,)]1887, 12.852054794520548,122.84657534246575,)]1888, 3.6346153846153846,110.9945205479452,)]1889, 22.254794520547946,124.04109589041096,)]
[CA006137147:1885, -12.209302325581396,69.23529411764706,)]1886, 16.284122562674096,129.47353760445682,)]1887, 17.754820936639117,132.54820936639118,)]1888, 6.549180327868853,121.8360655737705,)]1889, 24.052054794520547,138.0082191780822,)]
[CA006141843:1880, -63.21739130434783,29.119565217391305,)]1881, 9.623626373626374,126.59504132231405,)]1882, 7.544198895027624,112.0939226519337,)]1883, -13.346153846153847,96.5702479338843,)]1884, -70.69491525423729,31.920454545454547,)]1885, -17.28767123287671,100.03561643835616,)]1886, 2.813698630136986,110.67671232876712,)]1887, 2.8493150684931505,112.75068493150685,)]1888, -3.040983606557377,102.8415300546448,)]1889, 13.243835616438357,117.87945205479453,)]
[CA006149625:1880, 14.114754098360656,130.18032786885246,)]1881, 11.246575342465754,133.74246575342465,)]1882, 10.225274725274724,126.48626373626374,)]1883, -10.641456582633053,109.27731092436974,)]1884, 2.8961748633879782,118.37978142076503,)]1885, -7.964383561643835,104.51506849315068,)]1886, 4.526027397260274,117.16712328767123,)]1887, 5.472527472527473,124.50824175824175,)]1888, -1.6830601092896176,114.36338797814207,)]1889, 16.63186813186813,126.34065934065934,)]
[CA006150243:1887, -6.315934065934066,106.89010989010988,)]1888, -18.060109289617486,92.33333333333333,)]1889, 1.1835616438356165,106.47123287671234,)]
[CA006160465:1882, -54.561797752808985,46.70454545454545,)]1883, -43.554913294797686,82.54913294797687,)]1884, -35.95,100.4298245614035,)]1885, -42.50898203592814,96.90390390390391,)]1886, -155.41573033707866,-13.910112359550562,)]1889, -58.21951219512195,35.25609756097561,)]
[CA006163156:1888, 26.438095238095237,145.6904761904762,)]1889, -4.002747252747253,108.51780821917808,)]
[CA006164297:1880, 32.268595041322314,Nan ,)]1881, 13.901360544217686,Nan ,)]1882, 10.002898550724638,Nan ,)]1883, -17.370588235294118,155.65437788018434,)]1884, -6.307926829268292,153.27678571428572,)]1885, -26.06687898089172,100.6118881118881,)]1886, -22.510135135135137,129.48598130841123,)]1887, -21.567307692307693,84.54304635761589,)]1888, -17.842261904761905,94.24404761904762,)]1889, 14.424242424242424,114.32782369146005,)]
[CA007066688:1888, 5.783882783882784,102.00732600732601,)]1889, -21.87945205479452,73.84657534246575,)]
[CA008202198:1880, 14.647540983606557,111.0,)]1881, 20.21095890410959,106.93972602739726,)]1882, 14.693370165745856,103.53591160220995,)]1883, 7.86027397260274,103.6986301369863,)]1884, 15.710382513661202,105.35519125683061,)]1885, 16.12876712328767,112.56164383561644,)]1886, 22.92054794520548,116.4904109589041,)]1887, 14.953424657534246,112.9068493150685,)]1888, 11.808743169398907,101.51092896174863,)]1889, 35.37260273972603,125.54520547945205,)]
[CA008300430:1889, 35.3,122.68571428571428,)]
[GG000037545:1881, 73.63287671232877,Nan ,)]1882, 79.6556886227545,Nan ,)]1883, 75.44383561643835,Nan ,)]1884, 71.19672131147541,Nan ,)]1885, 74.16164383561645,Nan ,)]1886, 72.37808219178082,Nan ,)]1887, 77.95616438356164,Nan ,)]1888, 77.92349726775956,215.1413043478261,)]1889, 92.7185628742515,200.03892215568862,)]
[GM000004204:1880, 33.63661202185792,149.81967213114754,)]1881, 24.578082191780823,130.9041095890411,)]1882, 43.25479452054795,141.05479452054794,)]1883, 36.85205479452055,134.2931506849315,)]1884, 41.45355191256831,140.35245901639345,)]1885, 31.421917808219177,132.4986301369863,)]1886, 33.676712328767124,138.3945205479452,)]1887, 25.56986301369863,123.42191780821918,)]1888, 29.453551912568305,127.34699453551913,)]1889, 34.49315068493151,129.04383561643834,)]
[GME00121258:1888, -10.229508196721312,49.0655737704918,)]1889, 42.26849315068493,125.75616438356164,)]
[HRE00105182:1880, 41.306569343065696,139.62408759124088,)]
[ITE00100550:1880, 97.45901639344262,177.78415300546447,)]1881, 110.18356164383562,160.73150684931508,)]1882, 102.42465753424658,176.48219178082192,)]1883, 100.73698630136987,163.33424657534246,)]1884, 102.62021857923497,166.47540983606558,)]1885, 102.2986301369863,167.05205479452056,)]1886, 95.1041095890411,173.81917808219177,)]1887, 97.1013698630137,167.03835616438357,)]1888, 92.33879781420765,170.06284153005464,)]1889, 96.7013698630137,167.58904109589042,)]
[RSM00023711:1888, -66.14851485148515,Nan ,)]1889, -36.19867549668874,Nan ,)]
[RSM00024959:1888, 9.462962962962964,127.97619047619048,)]1889, -110.3490909090909,Nan ,)]
[TS000060765:1887, 122.47802197802197,258.532967032967,)]1888, 99.45054945054945,229.34806629834253,)]1889, 137.02191780821917,256.3972602739726,)]
[USC00035754:1884, 203.66417910447763,299.2631578947368,)]1885, 206.44871794871796,315.716814159292,)]1886, 182.11363636363637,309.2134831460674,)]1887, 181.53521126760563,311.07042253521126,)]1888, 185.86754966887418,308.921568627451,)]1889, 156.71354166666666,270.130890052356,)]
[USC00043157:1880, Nan ,150.98907103825135,)]1881, Nan ,179.92602739726027,)]1882, 23.240816326530613,184.34057971014494,)]1883, -10.257534246575343,170.4904109589041,)]1884, 15.836065573770492,151.80054644808743,)]1885, 41.77302631578947,180.92763157894737,)]1886, 28.980821917808218,159.52307692307693,)]1887, 20.432876712328767,164.04109589041096,)]1888, 27.811475409836067,172.76775956284152,)]1889, 28.410958904109588,175.0,)]
[USC00067361:1884, -41.01639344262295,58.01639344262295,)]1885, 24.964285714285715,132.81593406593407,)]1886, 27.63141993957704,131.42296072507554,)]1887, 34.06868131868132,139.78021978021977,)]1888, 24.352459016393443,126.12841530054645,)]1889, 48.870523415977964,145.62809917355372,)]
[USC00090284:1883, -25.0,Nan ,)]1884, -26.95,361.0,)]1887, -24.375,Nan ,)]1888, -22.142857142857142,Nan ,)]1889, -20.130434782608695,Nan ,)]
[USC00144559:1880, 48.94505494505494,91.42857142857143,)]1881, 88.07843137254902,-352.5211267605634,)]
[USC00191650:1885, 46.49589041095891,129.13424657534247,)]1886, 49.05234159779614,129.5702479338843,)]1887, 46.43013698630137,128.91232876712328,)]1888, 40.64754098360656,121.57103825136612,)]1889, 61.66301369863014,135.62465753424658,)]
[USC00194760:1885, 42.36986301369863,129.07397260273973,)]1886, 37.48559670781893,121.65432098765432,)]1887, -47.3728813559322,38.260504201680675,)]
[USC00199731:1885, -32.814126394052046,72.14179104477611,)]1886, 21.972375690607734,122.22714681440443,)]1887, 16.177966101694917,119.36723163841808,)]1888, -13.395744680851063,114.7827868852459,)]
[USC00262708:1888, 78.98897058823529,218.5970695970696,)]1889, 8.494011976047904,175.83880597014925,)]
[USC00318500:1887, 21.622222222222224,130.5888888888889,)]
[USC00319462:1880, 127.06284153005464,228.24043715846994,)]1881, 135.70958904109588,224.36712328767123,)]1882, 136.21917808219177,221.1917808219178,)]1883, 133.56986301369864,225.17808219178082,)]1884, 136.15027322404373,229.79781420765028,)]1885, 123.69589041095891,220.62739726027397,)]1886, 115.44109589041096,221.86027397260273,)]1887, 117.25205479452055,219.88219178082193,)]1888, 122.5,217.54644808743168,)]1889, 127.9013698630137,216.013698630137,)]
[USC00383742:1884, 147.17757009345794,286.55607476635515,)]1885, 154.69021739130434,283.6304347826087,)]1886, 153.53658536585365,291.8,)]1887, 155.6611111111111,296.3222222222222,)]1888, 147.19626168224298,281.06542056074767,)]1889, 133.11267605633802,262.51173708920186,)]
[USW00013984:1885, 89.2,211.97551020408164,)]1886, 45.21917808219178,170.03561643835616,)]1887, 48.4027397260274,176.93150684931507,)]1888, 45.377049180327866,175.02459016393442,)]1889, 55.56164383561644,176.96164383561643,)]
[USW00093820:1887, -11.491803278688524,95.09836065573771,)]1888, 69.40947075208913,176.12707182320443,)]1889, 84.11428571428571,180.5742857142857,)]
