[AGE00147716:1880, Nan ,240.5191256830601,)]1881, 110.37086092715232,228.62406015037595,)]1882, 102.51506849315068,226.85474860335196,)]1883, 91.61356932153393,231.7159090909091,)]1884, 128.09562841530055,219.10655737704917,)]1885, 135.4640522875817,232.78758169934642,)]1886, 132.72980501392757,223.22033898305085,)]1887, 130.95211267605634,220.19774011299435,)]1888, 131.26404494382024,217.1629213483146,)]1889, 124.070796460177,214.40828402366864,)]
[ASN00033046:1889, 224.16949152542372,291.1551724137931,)]
[ASN00035027:1889, 193.8860759493671,319.7037037037037,)]
[ASN00052026:1880, 127.46666666666667,278.89722222222224,)]1881, 127.7584541062802,269.9466019417476,)]1882, 115.3125,297.55670103092785,)]1883, 115.74550898203593,275.1556886227545,)]1884, 133.22191011235955,290.6912568306011,)]1885, 125.45251396648045,280.55128205128204,)]1886, 128.6821917808219,258.213698630137,)]1887, 123.75342465753425,253.61904761904762,)]1888, 122.95027624309392,265.27197802197804,)]1889, 140.58677685950414,250.08264462809916,)]
[ASN00074128:1880, 85.58441558441558,233.41479099678457,)]1881, 77.69871794871794,235.74679487179486,)]1882, 85.4,247.8483870967742,)]1883, 83.86816720257235,242.86495176848874,)]1884, 75.37179487179488,252.74358974358975,)]1885, 76.87459807073955,260.5176848874598,)]1886, 69.2508038585209,269.46945337620576,)]1887, 77.68589743589743,270.9392971246006,)]1888, 67.95806451612903,272.84565916398714,)]1889, 84.60322580645162,266.78709677419357,)]
[CA001066336:1886, 57.160377358490564,130.1822429906542,)]1887, 12.017241379310345,90.64835164835165,)]1888, 33.37003058103976,104.36612021857924,)]1889, 37.21369863013699,115.3013698630137,)]
[CA001114620:1881, 38.68975903614458,138.11746987951807,)]1882, 35.85479452054795,134.586301369863,)]1883, 37.712574850299404,145.69161676646706,)]
[CA006094450:1880, 5.4316939890710385,98.09289617486338,)]1881, -8.095238095238095,86.96666666666667,)]1886, 30.017241379310345,124.98850574712644,)]1887, -7.598337950138504,101.16388888888889,)]1888, -9.028011204481793,87.24649859943978,)]1889, 14.408219178082192,108.74520547945205,)]
[CA006124127:1880, 33.78947368421053,127.90883977900552,)]1881, -41.53146853146853,125.38028169014085,)]1882, Nan ,123.76571428571428,)]1883, 36.296551724137935,107.92613636363636,)]1884, 23.370473537604457,117.70752089136491,)]1885, 9.306358381502891,106.22543352601156,)]1886, 28.01197604790419,121.08083832335329,)]1888, 1.4325153374233128,99.7760736196319,)]1889, 29.501483679525222,121.19584569732937,)]
[CA006150913:1880, 27.158640226628894,120.84426229508196,)]1881, 22.715068493150685,124.64931506849315,)]1882, 12.510263929618768,109.32058823529412,)]1883, -1.6712328767123288,101.33424657534246,)]1884, 6.415300546448087,111.94535519125684,)]1885, -12.138643067846608,91.79464285714286,)]1886, 4.221590909090909,109.43019943019944,)]1887, 6.337078651685394,118.50140845070422,)]1888, 4.5710382513661205,110.03551912568307,)]
[CA006158350:1880, 30.918032786885245,118.86065573770492,)]1881, 32.93150684931507,124.21369863013699,)]1882, 31.076712328767123,117.89315068493151,)]1883, 6.402739726027397,100.95616438356164,)]1884, 16.516393442622952,111.07103825136612,)]1885, 4.287671232876712,98.61643835616438,)]1886, 18.03287671232877,110.02739726027397,)]1887, 19.356164383561644,114.6054794520548,)]1888, 13.60655737704918,105.74863387978142,)]1889, 32.704109589041096,118.75068493150685,)]
[CA007021954:1880, 43.382075471698116,145.99530516431926,)]1881, -1.7743732590529249,109.73184357541899,)]1882, -11.91388888888889,101.48055555555555,)]1883, -24.082872928176794,97.22375690607734,)]1884, 2.6149425287356323,106.17260273972603,)]1885, -20.330532212885153,98.80672268907563,)]1886, -13.456582633053221,111.30812324929973,)]1887, -11.74251497005988,112.23652694610779,)]
[CA008101920:1883, 42.33898305084746,132.70056497175142,)]1884, 13.775956284153006,99.34426229508196,)]1885, 9.772602739726027,97.06301369863014,)]1886, 17.112328767123287,105.36164383561643,)]1887, 8.64931506849315,102.35890410958905,)]1888, 4.7650273224043715,92.43442622950819,)]1889, 24.747945205479454,111.55068493150685,)]
[CA008103100:1881, 50.29447852760736,112.37423312883436,)]1882, -90.08403361344538,-22.361344537815125,)]
[CA008200300:1880, -15.714776632302405,96.01027397260275,)]1881, -3.6955128205128207,103.0576923076923,)]1882, 22.965986394557824,103.61754385964912,)]1883, -26.395061728395063,83.82644628099173,)]1884, -2.5532646048109964,106.42268041237114,)]1885, -111.72093023255815,3.011627906976744,)]
[CA008204480:1885, 4.576086956521739,141.56521739130434,)]1886, 0.8792270531400966,91.77830188679245,)]1887, -45.71910112359551,11.247191011235955,)]1888, -33.32258064516129,25.225806451612904,)]
[CA008403635:1889, 55.34975369458128,126.0935960591133,)]
[CA008500500:1884, -9.974452554744525,34.306569343065696,)]1885, -23.159779614325068,16.713498622589533,)]1886, -26.054131054131055,17.59259259259259,)]1887, -38.31232876712329,5.958904109589041,)]1888, -37.79234972677595,20.40983606557377,)]1889, -24.21511627906977,26.441860465116278,)]
[DA000021100:1880, 49.885245901639344,106.38524590163935,)]1881, 33.31506849315068,84.86301369863014,)]1882, 57.33150684931507,106.41643835616438,)]1883, 49.775342465753425,100.41643835616438,)]1884, 57.87431693989071,107.76775956284153,)]1885, 45.104109589041094,93.9945205479452,)]1886, 42.875,97.41369863013699,)]1887, 44.97808219178082,97.13424657534246,)]1888, 38.98082191780822,87.04918032786885,)]1889, 55.26575342465753,104.16164383561645,)]
[EGE00147732:1884, 131.21311475409837,267.0659340659341,)]1885, 155.81643835616438,272.23835616438356,)]1886, 155.03296703296704,269.69505494505495,)]1887, 160.44383561643835,278.4356164383562,)]1888, 159.10382513661202,274.672131147541,)]1889, 157.96164383561643,277.34520547945203,)]
[GLE00100981:1880, -36.093877551020405,Nan ,)]1881, -74.66575342465754,Nan ,)]1882, -104.91506849315068,Nan ,)]1883, -85.47397260273972,Nan ,)]1884, -126.18611111111112,Nan ,)]1885, -83.55681818181819,Nan ,)]1886, -104.61369863013698,Nan ,)]1887, -111.71954674220963,Nan ,)]1888, -93.74590163934427,Nan ,)]1889, -89.23287671232876,Nan ,)]
[GM000004063:1880, 42.65846994535519,127.47267759562841,)]1881, 37.88493150684931,118.67671232876712,)]1882, 44.10526315789474,131.51246537396122,)]1883, 43.945205479452056,130.586301369863,)]1884, 46.41803278688525,136.42896174863387,)]1885, 40.59452054794521,135.4794520547945,)]1886, 46.71506849315068,139.73150684931508,)]1887, 29.6,123.26027397260275,)]1888, 34.45628415300546,122.5464480874317,)]1889, 39.16986301369863,125.58082191780822,)]
[RSM00029263:1884, -60.82779456193354,Nan ,)]1885, -75.18904109589042,Nan ,)]1886, -66.7013698630137,Nan ,)]1887, -73.16438356164383,163.77011494252875,)]1888, -77.4375,Nan ,)]1889, -78.34246575342466,Nan ,)]
[SZ000002220:1882, -49.33606557377049,-3.3140495867768593,)]1883, -49.42774566473989,21.222543352601157,)]1884, -45.11077844311377,12.09009009009009,)]1885, -37.747252747252745,16.365384615384617,)]1886, -42.488950276243095,17.480662983425415,)]1887, -49.70879120879121,11.76923076923077,)]
[UPM00033345:1881, 14.75328947368421,83.98684210526316,)]1882, 36.06575342465754,115.91232876712328,)]1883, 20.20059880239521,93.16167664670658,)]1884, 39.88486842105263,107.02302631578948,)]1885, 34.56986301369863,116.33424657534246,)]1886, 25.876712328767123,110.15342465753425,)]1887, 33.416438356164385,114.24109589041096,)]1888, 15.068306010928962,104.3688524590164,)]1889, 32.038356164383565,112.4931506849315,)]
[USC00061536:1885, 17.305295950155763,152.94637223974763,)]1886, 13.962616822429906,139.784375,)]1887, -78.73728813559322,45.33898305084746,)]
[USC00190595:1885, 79.84210526315789,165.40758293838863,)]1886, -1.539906103286385,81.67136150234742,)]1887, -99.72413793103448,-14.11864406779661,)]1888, 8.350819672131147,94.11475409836065,)]1889, 14.821138211382113,83.89430894308943,)]
[USC00194295:1885, 41.29752066115702,132.6749311294766,)]1886, 45.97808219178082,128.73698630136985,)]1887, 51.413698630136984,132.56986301369864,)]1888, 42.013661202185794,123.80054644808743,)]1889, 67.16712328767123,135.77260273972604,)]
[USC00200032:1887, -42.794520547945204,78.27027027027027,)]1888, 9.364383561643836,140.1639344262295,)]1889, 6.372093023255814,118.8543046357616,)]
[USC00263515:1887, -33.07692307692308,60.175,)]1888, -2.4257425742574257,127.79,)]1889, 105.20276497695852,261.6857142857143,)]
[USW00014898:1886, -9.049180327868852,82.71311475409836,)]1887, 9.852054794520548,110.41643835616438,)]1888, 4.959016393442623,98.57650273224044,)]1889, 22.06027397260274,113.27397260273973,)]
[USW00093725:1880, 82.8224043715847,184.05191256830602,)]1881, 75.76347305389221,173.64071856287424,)]1882, 82.1972602739726,177.3068493150685,)]1883, 74.31506849315069,175.42465753424656,)]1884, 81.10382513661202,182.10382513661202,)]1885, 55.46027397260274,168.2931506849315,)]1886, 71.98082191780821,137.4794520547945,)]1887, 79.30410958904109,176.41095890410958,)]1888, 73.0464480874317,169.28415300546447,)]1889, 83.17534246575343,175.21369863013697,)]
[UZM00038457:1881, 116.0,240.63837638376384,)]1882, 104.96026490066225,198.76923076923077,)]1883, 105.08088235294117,216.35029940119762,)]1884, 139.34444444444443,168.28476821192052,)]1889, -127.61290322580645,Nan ,)]
