[AGE00147719:1888, 93.06590257879657,265.2011494252874,)]1889, 87.18213058419244,260.0740740740741,)]
[AGE00147720:1888, 56.67289719626168,219.3827160493827,)]1889, 51.63548387096774,214.6372239747634,)]
[ASN00072151:1880, 90.6412213740458,241.63846153846154,)]1881, 89.10526315789474,225.0,)]1882, 63.44656488549618,228.23282442748092,)]1883, 49.28957528957529,227.58687258687257,)]1884, 74.73817034700315,241.02523659305993,)]1885, 80.72757475083057,240.53177257525084,)]1886, 83.14285714285714,218.99293286219083,)]1887, 69.52631578947368,232.8345864661654,)]1888, 48.475095785440615,255.81992337164752,)]1889, 93.14606741573034,249.98876404494382,)]
[AU000006306:1880, 45.47540983606557,131.1830601092896,)]1881, 38.41917808219178,123.01917808219179,)]1882, 43.95616438356164,131.42465753424656,)]1883, 39.88767123287671,123.52328767123288,)]1884, 56.71311475409836,141.04918032786884,)]1885, 48.986301369863014,141.12876712328767,)]1886, 54.345205479452055,139.14520547945204,)]1887, 39.61095890410959,126.2,)]1888, 44.20765027322405,128.1830601092896,)]1889, 46.61917808219178,125.73424657534247,)]
[CA003031093:1881, -121.71641791044776,17.029850746268657,)]1882, -103.86324786324786,38.504273504273506,)]1884, -30.78804347826087,104.21739130434783,)]1885, -32.34550561797753,121.79213483146067,)]1886, -39.83835616438356,106.61917808219178,)]1887, -54.26575342465753,81.44383561643835,)]1888, -37.97540983606557,91.42622950819673,)]1889, -27.473972602739725,123.40273972602739,)]
[CA005030556:1889, 37.0,82.46892655367232,)]
[CA006075400:1880, -72.24793388429752,34.92286501377411,)]1881, -67.23615160349854,41.08163265306123,)]1882, -189.00757575757575,-64.71212121212122,)]1889, -127.34177215189874,-27.696202531645568,)]
[CA006105976:1889, -59.52459016393443,13.950819672131148,)]
[CA006111793:1881, 103.9090909090909,205.11363636363637,)]
[CA006127887:1880, 18.505494505494507,113.56593406593407,)]1881, 14.786301369863013,114.87123287671233,)]1882, 16.34794520547945,114.30958904109589,)]1883, -5.586301369863014,96.04657534246576,)]1884, 3.379781420765027,106.20765027322405,)]1885, -10.027397260273972,91.7068493150685,)]1886, 9.504109589041096,103.09041095890412,)]1887, 5.071232876712329,105.65205479452055,)]1888, 0.6885245901639344,95.17486338797814,)]1889, 21.457534246575342,113.58904109589041,)]
[CA006136694:1880, 34.068306010928964,140.15300546448088,)]1881, 32.95068493150685,141.92876712328768,)]1882, 33.57534246575342,127.38630136986302,)]1883, 9.926027397260274,126.07558139534883,)]1884, 19.97814207650273,126.33333333333333,)]1885, 6.260273972602739,112.89315068493151,)]1886, 21.583561643835615,125.08493150684932,)]1887, 23.69041095890411,124.87671232876713,)]1888, 16.398907103825138,110.1775956284153,)]1889, 33.07945205479452,125.5013698630137,)]
[CA006141095:1880, -1.6133333333333333,124.01944444444445,)]1881, 18.728021978021978,129.1046831955923,)]1882, 17.38150289017341,119.92173913043479,)]1883, -5.837988826815643,103.12813370473538,)]1884, 1.129120879120879,118.90934065934066,)]1885, 13.86,131.32,)]1886, 6.345505617977528,120.35028248587571,)]1887, 6.583333333333333,126.91944444444445,)]1888, 0.7837078651685393,113.7247191011236,)]1889, 16.911428571428573,120.76790830945559,)]
[CA007050790:1881, -8.498245614035088,50.14385964912281,)]1882, -7.167123287671233,62.221917808219175,)]1883, -8.832876712328767,65.28219178082192,)]1884, -11.901639344262295,58.349726775956285,)]1885, -4.117808219178082,66.15068493150685,)]1886, 5.101369863013699,73.67945205479452,)]1887, -4.249315068493151,65.6109589041096,)]1888, -3.180327868852459,65.16120218579235,)]1889, 7.271232876712329,76.8,)]
[CA008101230:1880, -123.74193548387096,-24.35483870967742,)]1888, -14.827868852459016,85.39071038251366,)]1889, 9.873972602739727,97.22465753424657,)]
[GM000003319:1880, 61.978142076502735,140.35245901639345,)]1881, 48.38082191780822,125.21095890410959,)]1882, 59.33150684931507,137.9808219178082,)]1883, 41.33424657534247,129.4849315068493,)]1884, 46.68852459016394,137.30327868852459,)]1885, 41.463013698630135,126.40821917808219,)]1886, 39.0027397260274,131.13972602739727,)]1887, 49.657534246575345,121.66027397260274,)]1888, 45.48360655737705,115.98360655737704,)]1889, 55.93698630136986,124.82465753424657,)]
[ITE00100554:1880, 91.98087431693989,175.07650273224044,)]1881, 89.87945205479453,172.1041095890411,)]1882, 93.92876712328767,176.9972602739726,)]1883, 86.67945205479452,166.51232876712328,)]1884, 88.87158469945355,173.54098360655738,)]1885, 92.71232876712328,170.70958904109588,)]1886, 93.41369863013699,173.64383561643837,)]1887, 82.10958904109589,165.1205479452055,)]1888, 83.19945355191257,166.2486338797814,)]1889, 85.68767123287671,168.3041095890411,)]
[TX000038763:1883, 211.25,Nan ,)]1885, 56.59322033898305,199.0,)]1889, 61.98913043478261,Nan ,)]
[TX000038895:1889, 48.888888888888886,Nan ,)]
[UK000056225:1880, 59.967213114754095,134.1120218579235,)]1881, 55.22802197802198,132.85479452054796,)]1882, 64.47397260273972,138.3041095890411,)]1883, 62.02465753424657,136.5013698630137,)]1884, 64.82513661202186,144.28688524590163,)]1885, 54.172602739726024,129.56712328767122,)]1886, 55.8027397260274,129.5945205479452,)]1887, 46.00547945205479,129.06849315068493,)]1888, 52.0,122.8688524590164,)]1889, 54.93972602739726,128.45205479452054,)]
[UPM00033910:1885, 53.484931506849314,Nan ,)]1886, 56.92328767123288,Nan ,)]1887, 62.26575342465753,Nan ,)]1889, 52.54545454545455,Nan ,)]
[UPM00033946:1886, 87.04081632653062,Nan ,)]1887, 58.667655786350146,Nan ,)]1888, 51.885714285714286,Nan ,)]1889, 57.970238095238095,Nan ,)]
[USC00033466:1887, -13.774193548387096,141.78571428571428,)]1888, 95.37808219178082,Nan ,)]1889, 99.80494505494505,246.20520231213874,)]
[USC00046115:1888, 175.22282608695653,320.6358695652174,)]1889, 145.0,274.793427230047,)]
[USC00195317:1887, -16.36842105263158,81.02631578947368,)]1888, -85.85393258426966,16.786516853932586,)]
[USC00196770:1886, 48.90909090909091,168.3262195121951,)]1887, 28.750692520775623,132.81994459833794,)]1889, -30.0,-3.225806451612903,)]
[USC00207097:1889, 46.596774193548384,155.43548387096774,)]
[USC00261395:1889, 86.73818181818181,205.3822393822394,)]
[USC00307633:1885, 82.13071895424837,154.86928104575162,)]1886, 63.057534246575344,142.0191780821918,)]1887, 65.53972602739726,144.24657534246575,)]1888, 57.478142076502735,136.0,)]1889, 21.278145695364238,97.98675496688742,)]
[USC00413257:1880, 118.80601092896175,234.54644808743168,)]1881, 115.32463768115942,221.04347826086956,)]1882, 113.95541401273886,243.38535031847132,)]1883, -8.26530612244898,137.9387755102041,)]
[USC00413270:1880, 71.58677685950413,215.95867768595042,)]
[USC00462735:1889, 105.15217391304348,166.54347826086956,)]
[USC00464897:1889, 108.3723849372385,184.94979079497907,)]
[USC00466207:1880, 80.82222222222222,176.125,)]1881, 80.30958904109589,174.22465753424657,)]1882, 75.83287671232877,166.23561643835617,)]1883, -21.355555555555554,77.16666666666667,)]
[USW00013724:1880, 77.79508196721312,157.9672131147541,)]1881, 79.68767123287671,150.9095890410959,)]1882, 76.27671232876712,149.94520547945206,)]1883, 68.96438356164384,143.73698630136985,)]1884, 76.5327868852459,152.38251366120218,)]1885, 65.78630136986301,145.06575342465754,)]1886, 69.33972602739726,148.01643835616437,)]1887, 75.58356164383562,150.2986301369863,)]1888, 65.17213114754098,143.77868852459017,)]1889, 80.64657534246575,146.2219178082192,)]
[USW00013736:1880, 77.72131147540983,171.68852459016392,)]1881, 79.78356164383561,174.2219178082192,)]1882, 75.69589041095891,166.1041095890411,)]1883, -21.18888888888889,77.52222222222223,)]
[USW00014936:1881, 45.29347826086956,161.40217391304347,)]1882, 5.947945205479452,133.3178082191781,)]1883, -10.898630136986302,114.93698630136986,)]1884, -10.092896174863387,119.85792349726776,)]1885, -1.6465753424657534,122.10684931506849,)]1886, -6.978082191780822,130.44931506849315,)]1887, -13.158904109589042,121.62465753424658,)]1888, -14.172131147540984,120.0464480874317,)]1889, 0.3972602739726027,138.47397260273974,)]
[USW00024274:1880, 61.568306010928964,148.97540983606558,)]1881, 74.21917808219177,158.7780821917808,)]1882, 69.46301369863014,162.013698630137,)]1883, 69.30684931506849,165.14794520547946,)]1884, 64.58743169398907,164.23224043715848,)]1885, 73.43013698630136,189.44657534246576,)]1886, 70.46027397260274,171.4931506849315,)]1887, 65.4986301369863,162.06849315068493,)]1888, 69.7568306010929,173.1120218579235,)]1889, 71.93424657534247,181.4931506849315,)]
