[AGE00147705:1886, Nan ,154.0,)]1887, 145.2,228.2277777777778,)]1888, 149.34615384615384,224.32417582417582,)]1889, 144.26666666666668,220.3910447761194,)]
[AGE00147717:1880, 72.45628415300547,233.9917808219178,)]1881, 87.36712328767123,248.38082191780822,)]1882, 18.441666666666666,238.2054794520548,)]1883, 90.51785714285714,238.77380952380952,)]1884, 84.81420765027322,218.8870056497175,)]1885, 75.76415094339623,235.5693641618497,)]1886, 89.64309764309765,248.92128279883383,)]1887, 88.26849315068493,243.46153846153845,)]1888, 77.46556473829202,235.28925619834712,)]1889, 71.63636363636364,228.19819819819818,)]
[ASN00048013:1880, 123.73546511627907,283.2093023255814,)]1881, 139.91242937853107,273.59322033898303,)]1882, 146.96438356164384,278.4547945205479,)]1883, 145.31666666666666,288.65277777777777,)]1884, 149.28142076502732,288.3169398907104,)]1885, 132.01373626373626,297.6732394366197,)]1886, 127.03835616438356,289.9972602739726,)]1887, 126.83013698630137,272.827397260274,)]1888, 124.42349726775956,306.827868852459,)]1889, 138.62739726027397,293.4739726027397,)]
[ASN00086071:1880, 99.3415300546448,194.05191256830602,)]1881, 95.26575342465753,194.9150684931507,)]1882, 95.13424657534246,198.4849315068493,)]1883, 97.67123287671232,199.92054794520547,)]1884, 92.66939890710383,192.9016393442623,)]1885, 95.03835616438356,189.72602739726028,)]1886, 90.45753424657535,191.16712328767125,)]1887, 99.77260273972603,190.45753424657534,)]1888, 92.98907103825137,192.77868852459017,)]1889, 99.66027397260274,195.3095890410959,)]
[AU000015410:1886, -134.4262295081967,-80.49180327868852,)]1887, -98.05479452054794,-49.83561643835616,)]1888, -92.24043715846994,-45.3551912568306,)]1889, -92.98904109589041,-49.03013698630137,)]
[CA004013480:1889, -88.67272727272727,52.1875,)]
[CA006057595:1889, 24.04,130.725,)]
[CA006110458:1889, -45.98360655737705,43.47540983606557,)]
[CA006111766:1885, 9.768595041322314,92.16528925619835,)]1886, 7.115068493150685,113.07945205479452,)]1887, 2.649315068493151,115.52876712328766,)]1888, -18.263736263736263,103.48901098901099,)]1889, -1.558904109589041,115.96986301369863,)]
[CA006136643:1880, 40.46448087431694,121.37978142076503,)]1881, 38.63835616438356,125.37808219178082,)]1882, 39.36164383561644,120.38356164383562,)]1883, 19.12054794520548,104.81369863013698,)]1884, 30.7103825136612,112.6256830601093,)]1885, 16.517808219178082,102.73150684931507,)]1886, 29.235616438356164,113.4958904109589,)]1887, 29.764383561643836,123.63013698630137,)]1888, 20.93169398907104,112.16666666666667,)]1889, 39.15890410958904,130.54520547945205,)]
[CA006137735:1880, 25.694267515923567,138.34076433121018,)]1881, 23.910543130990416,137.1597444089457,)]1882, 24.883870967741935,129.33225806451614,)]1883, 8.968152866242038,119.56687898089172,)]1884, 14.041533546325878,126.98722044728434,)]1885, 4.779552715654952,108.78594249201278,)]1886, 18.361022364217252,118.03833865814697,)]1887, 19.30031948881789,124.6964856230032,)]1888, -123.8125,-27.395833333333332,)]
[CA006143780:1880, -35.15533980582524,59.22018348623853,)]1881, 27.395833333333332,128.03424657534248,)]1887, -51.77777777777778,35.28169014084507,)]1888, 7.5182926829268295,121.52134146341463,)]
[CA006164430:1880, 11.304477611940298,125.7641791044776,)]1881, 3.83013698630137,123.81369863013698,)]1882, -0.6328767123287671,113.94520547945206,)]1883, -20.77900552486188,97.59116022099448,)]1884, -9.92054794520548,113.1978021978022,)]1885, -21.578082191780823,98.69589041095891,)]1886, -9.221917808219178,113.05205479452054,)]1887, -10.216438356164383,116.14520547945206,)]1888, -15.819672131147541,105.44535519125684,)]1889, 7.2027397260273975,113.8986301369863,)]
[CA007050200:1880, 20.009615384615383,96.90291262135922,)]1881, -13.386430678466077,49.32941176470588,)]1882, -16.627397260273973,44.4027397260274,)]1883, -23.931506849315067,34.88493150684931,)]1884, -27.44808743169399,30.524590163934427,)]1885, -16.068493150684933,37.97534246575343,)]1886, -5.720547945205479,49.608219178082194,)]1887, -14.306849315068494,40.01917808219178,)]1888, -7.076502732240437,47.59836065573771,)]1889, -0.4849315068493151,53.553424657534244,)]
[CA008104600:1880, 24.80952380952381,104.05191256830601,)]1881, 17.89041095890411,102.13698630136986,)]1882, 6.008219178082192,98.35616438356165,)]1883, -2.9945205479452053,94.47671232876712,)]1884, 3.978142076502732,97.93715846994536,)]1885, -0.0410958904109589,97.22465753424657,)]1886, 4.671232876712328,105.6082191780822,)]1887, 0.9424657534246575,100.21369863013699,)]1888, -0.1092896174863388,92.62295081967213,)]1889, 18.561643835616437,113.88219178082191,)]
[CA008204420:1881, 6.426865671641791,92.62089552238805,)]1882, 5.446575342465754,91.55342465753425,)]1883, 8.778082191780822,101.23287671232876,)]1884, 8.480874316939891,100.6256830601093,)]1885, 15.794520547945206,112.07397260273973,)]1886, 27.42032967032967,129.29395604395606,)]1887, 12.868493150684932,107.6,)]1888, 9.633879781420765,97.67486338797814,)]1889, 31.073972602739726,121.66575342465754,)]
[RSM00022550:1881, -17.97069597069597,42.73260073260073,)]1882, -10.113772455089821,41.90718562874252,)]1883, -7.616438356164384,45.11506849315069,)]1884, -31.76775956284153,23.10655737704918,)]1885, -32.81095890410959,30.389041095890413,)]1886, -11.715068493150685,39.843835616438355,)]1887, -17.073972602739726,40.81095890410959,)]1888, -40.10655737704918,17.956284153005466,)]1889, -8.016438356164384,44.47123287671233,)]
[RSM00026477:1881, -25.818791946308725,53.68227424749164,)]1882, 22.011204481792717,94.00280112044818,)]1883, 17.175824175824175,97.31985294117646,)]1884, 15.41795665634675,107.80745341614907,)]1885, 20.38719512195122,107.60550458715596,)]1886, 6.466480446927374,97.80167597765363,)]1887, 21.936507936507937,109.66031746031746,)]1888, -22.275862068965516,73.253125,)]1889, 3.8550724637681157,106.2316715542522,)]
[UK000047811:1880, 53.3551912568306,123.80054644808743,)]1881, 46.013698630136986,115.14520547945206,)]1882, 53.42739726027397,123.57260273972602,)]1883, 46.66575342465753,121.46301369863014,)]1884, 49.62841530054645,129.3551912568306,)]1885, 44.06027397260274,120.25753424657535,)]1886, 46.02739726027397,116.78356164383561,)]1887, 46.45205479452055,123.67945205479452,)]1888, 46.28142076502732,119.22950819672131,)]1889, 54.1945205479452,125.33150684931506,)]
[USC00011685:1889, 180.140350877193,310.87719298245617,)]
[USC00053010:1880, -55.595628415300546,127.71857923497268,)]1881, -39.02465753424657,124.25205479452055,)]1882, -51.3013698630137,133.97527472527472,)]1883, -25.05263157894737,130.8125,)]
[USC00064767:1880, 42.4207650273224,156.2295081967213,)]1881, 42.8027397260274,153.1095890410959,)]1882, 36.441095890410956,147.33150684931508,)]1883, 28.487671232876714,145.51232876712328,)]1884, 39.87431693989071,150.3224043715847,)]1885, 31.34246575342466,148.68493150684932,)]1886, 35.76438356164383,148.3972602739726,)]1887, 36.44931506849315,148.23835616438356,)]1888, 28.47814207650273,137.224043715847,)]1889, 53.52054794520548,151.2821917808219,)]
[USC00171100:1888, 30.797385620915033,117.51633986928104,)]1889, 35.8644578313253,133.11854103343464,)]
[USC00173046:1886, -3.3360655737704916,97.60655737704919,)]1887, 11.791780821917808,115.43013698630136,)]1888, 13.254098360655737,109.41256830601093,)]1889, 34.3041095890411,131.37534246575342,)]
[USC00195891:1886, -47.0,Nan ,)]1887, -47.5,161.5,)]
[USC00200094:1889, 35.98148148148148,63.7962962962963,)]
[USC00205065:1888, 59.17934782608695,130.55434782608697,)]1889, 32.9041095890411,104.93972602739726,)]
[USC00262030:1888, Nan ,-140.16666666666666,)]
[USC00270690:1886, 11.895238095238096,162.5528846153846,)]1887, -29.22099447513812,123.35714285714286,)]1888, -29.629834254143645,104.12154696132596,)]1889, 25.65568862275449,146.64670658682635,)]
[USC00276944:1887, -44.05434782608695,60.76086956521739,)]1888, -13.532786885245901,112.32876712328768,)]
[USC00278854:1885, 42.840375586854464,160.11057692307693,)]1886, 0.949438202247191,113.87845303867404,)]1887, 5.88515406162465,111.17058823529412,)]1888, -15.397553516819572,105.18983050847457,)]1889, 14.927007299270073,112.61924686192468,)]
[USC00301207:1888, -72.57777777777778,116.05405405405405,)]
[USC00367239:1884, 1.6065573770491803,209.34426229508196,)]1885, 35.974264705882355,111.26838235294117,)]1886, 40.97534246575343,119.57260273972602,)]1887, 36.79178082191781,145.43835616438355,)]1888, 29.887978142076502,148.04644808743168,)]1889, 47.657534246575345,161.98626373626374,)]
[USC00431072:1883, Nan ,-5.032258064516129,)]1884, -66.7109375,110.88709677419355,)]1885, -92.90265486725664,116.54573170731707,)]1886, -65.1328125,89.93928571428572,)]1887, -73.12037037037037,92.36531365313652,)]1888, -83.29166666666667,101.80124223602485,)]1889, -44.408,118.7109634551495,)]
[USC00464045:1883, 88.4,200.74285714285713,)]1884, 50.076502732240435,166.94535519125682,)]1885, 40.273972602739725,148.18406593406593,)]1886, 49.153424657534245,158.3972602739726,)]1887, 59.90684931506849,167.17260273972602,)]1888, 59.78338278931751,148.31420765027323,)]1889, -20.903225806451612,65.06451612903226,)]
[USC00474375:1880, 37.86612021857923,131.75409836065575,)]1881, 44.19178082191781,130.03287671232877,)]1882, 46.487671232876714,130.15616438356165,)]1883, 19.465753424657535,107.31506849315069,)]1884, 31.6775956284153,117.8360655737705,)]1885, 27.12876712328767,113.17260273972603,)]1886, 38.49589041095891,133.27472527472528,)]1887, 20.471232876712328,128.6958904109589,)]1888, 13.368852459016393,109.17213114754098,)]1889, 29.269972451790633,133.90358126721762,)]
[USW00014838:1880, 4.912568306010929,105.44262295081967,)]1881, 2.5835616438356164,79.5041095890411,)]1882, 14.95068493150685,106.53892215568862,)]1883, -32.83287671232877,82.01369863013699,)]1884, -97.74590163934427,9.073770491803279,)]1885, 14.065573770491802,108.99346405228758,)]1886, -0.810958904109589,97.94246575342466,)]1887, 9.625748502994012,103.06586826347305,)]1888, -10.327868852459016,75.5792349726776,)]1889, 13.389041095890411,96.01095890410959,)]
[USW00014971:1883, 103.61904761904762,194.45539906103286,)]1886, -23.824175824175825,92.86813186813187,)]1887, -76.07883817427386,98.51666666666667,)]1888, 29.879781420765028,152.224043715847,)]1889, 30.79940119760479,172.4311377245509,)]
