[AGE00147709:1884, 95.11748633879782,189.33018867924528,)]1885, 97.69041095890411,197.72754491017963,)]1886, 96.87671232876713,182.85555555555555,)]1887, 96.2958904109589,183.53424657534248,)]1888, 97.2967032967033,176.82967032967034,)]1889, 90.91445427728614,174.68208092485548,)]
[ASN00031010:1889, 228.9655172413793,306.9032258064516,)]
[ASN00048030:1881, 90.04838709677419,275.8774834437086,)]1882, 112.65650969529086,Nan ,)]1883, 104.31506849315069,290.47633136094674,)]1884, 104.02011494252874,324.625,)]1885, 108.1921921921922,286.26126126126127,)]1886, 110.14520547945206,270.6684931506849,)]1887, 105.58630136986301,284.56986301369864,)]1888, 128.224043715847,299.3415300546448,)]1889, 154.96986301369864,288.18630136986303,)]
[ASN00065016:1880, 112.32786885245902,264.8415300546448,)]1881, 103.78904109589041,247.46849315068494,)]1882, 110.52602739726028,252.3123287671233,)]1883, 98.29752066115702,238.74520547945207,)]1884, 84.03825136612022,241.94808743169398,)]1885, 95.59943977591037,259.08813559322033,)]1886, 94.63013698630137,237.76954732510288,)]1887, 89.51506849315068,336.9032258064516,)]1888, 90.10655737704919,270.70652173913044,)]1889, 130.53698630136986,239.2986301369863,)]
[ASN00066062:1880, 133.54918032786884,208.04918032786884,)]1881, 130.8904109589041,204.2164383561644,)]1882, 135.813698630137,211.42191780821918,)]1883, 129.81643835616438,206.47123287671232,)]1884, 135.60109289617486,211.74043715846994,)]1885, 137.92876712328768,215.85205479452054,)]1886, 136.74246575342465,212.38630136986302,)]1887, 138.22739726027396,202.7917808219178,)]1888, 133.75068493150684,209.08219178082192,)]1889, 143.06849315068493,207.27671232876713,)]
[ASN00091049:1884, 108.5,234.74074074074073,)]
[CA003034480:1883, 63.56666666666667,97.16666666666667,)]1884, -19.391534391534393,92.45081967213115,)]1885, -17.134246575342466,129.39178082191782,)]1886, -18.898630136986302,123.8986301369863,)]1887, -39.20821917808219,96.55616438356165,)]1888, -23.120218579234972,105.97814207650273,)]1889, -8.558904109589042,134.22739726027396,)]
[CA004019070:1884, -90.084388185654,33.244725738396625,)]
[CA005023243:1880, -65.84426229508196,57.47540983606557,)]1881, -58.49315068493151,71.68767123287671,)]1882, -50.40821917808219,72.06575342465753,)]1883, -80.62191780821918,47.45753424657534,)]1884, -65.04371584699453,44.095628415300546,)]1885, -61.8986301369863,60.47123287671233,)]1886, -60.81369863013698,75.83287671232877,)]1887, -73.5041095890411,63.92054794520548,)]1888, -62.30327868852459,64.80874316939891,)]1889, -45.14520547945205,92.34246575342466,)]
[CA006092915:1882, -104.16071428571429,-16.767857142857142,)]
[CA006101872:1880, 8.969945355191257,121.81693989071039,)]1881, 14.136986301369863,120.79452054794521,)]1882, 6.695890410958904,110.77808219178083,)]1883, -8.975342465753425,103.96712328767123,)]1884, 3.210382513661202,109.74863387978142,)]1885, -6.901369863013699,97.46301369863014,)]1886, 1.4465753424657535,109.98901098901099,)]1887, -2.6904109589041094,108.22191780821917,)]
[CA006108060:1880, -28.311475409836067,100.5792349726776,)]1881, -23.03287671232877,109.96164383561644,)]1882, -26.4027397260274,98.37808219178082,)]1883, -51.706849315068496,83.74246575342465,)]1884, -35.37158469945355,95.30874316939891,)]1885, -49.6986301369863,84.24383561643836,)]1886, -40.9013698630137,95.21643835616439,)]1887, -45.24931506849315,98.4876712328767,)]1888, -41.82513661202186,86.56010928961749,)]1889, -16.616438356164384,106.23835616438356,)]
[CA006110605:1880, -17.1775956284153,104.93442622950819,)]1881, -12.126027397260273,116.79178082191781,)]1882, -18.528767123287672,103.2986301369863,)]1883, -38.99178082191781,84.86301369863014,)]1884, -22.3551912568306,95.34520547945205,)]1885, -32.0986301369863,80.13424657534246,)]1886, -21.421917808219177,92.67671232876712,)]1887, -26.257534246575343,97.28219178082192,)]1888, -26.595628415300546,84.10928961748634,)]1889, -1.5178082191780822,102.88493150684931,)]
[CA006122845:1880, 39.63387978142077,119.19125683060109,)]1881, 36.55068493150685,119.78356164383561,)]1882, 41.02465753424657,119.36986301369863,)]1883, 17.027397260273972,102.45479452054795,)]1884, 29.07103825136612,112.60928961748634,)]1885, 10.95068493150685,97.8986301369863,)]1886, 23.065753424657533,108.66027397260274,)]1887, 24.361643835616437,112.69589041095891,)]
[CA006144470:1880, 24.25824175824176,116.28333333333333,)]1881, 26.058282208588956,134.52147239263803,)]1882, 19.73860182370821,124.78353658536585,)]1883, 0.6646884272997032,112.87761194029851,)]1884, -0.08256880733944955,117.4329268292683,)]1885, -6.305882352941176,105.81231671554252,)]1886, -6.609427609427609,102.13898305084746,)]1887, 1.1628664495114007,108.9640522875817,)]1888, -9.537267080745341,99.6269592476489,)]1889, -7.315789473684211,94.55263157894737,)]
[CA006147340:1888, -57.064516129032256,10.32258064516129,)]1889, 21.019178082191782,125.9972602739726,)]
[CA007016280:1880, -14.005464480874316,90.32786885245902,)]1881, -5.635616438356164,91.45205479452055,)]1882, -17.16986301369863,81.94794520547946,)]1883, -27.972602739726028,74.45753424657535,)]1884, -16.07123287671233,77.83835616438355,)]1885, -24.61917808219178,72.4931506849315,)]1886, -18.372602739726027,80.73424657534247,)]1887, -16.794520547945204,75.6986301369863,)]1888, -19.243169398907103,66.53825136612022,)]1889, 1.736986301369863,85.73972602739725,)]
[CA007026465:1880, -5.803827751196172,128.2488038277512,)]1881, 37.53005464480874,151.53296703296704,)]1882, -16.892857142857142,97.89041095890411,)]1883, -33.8986301369863,92.36813186813187,)]1884, -19.50137741046832,100.98626373626374,)]1885, -36.172602739726024,94.18082191780822,)]1886, -27.254794520547946,104.51648351648352,)]1887, -29.975274725274726,99.72054794520548,)]1888, -30.44931506849315,89.19945355191257,)]1889, -4.381868131868132,112.57142857142857,)]
[CA008100990:1880, -20.51912568306011,101.30874316939891,)]1881, -11.057534246575342,100.58904109589041,)]1882, -20.30958904109589,94.05205479452054,)]1883, -30.745205479452054,91.64657534246575,)]1884, -22.873972602739727,88.76986301369863,)]1885, -22.208219178082192,96.62191780821918,)]1886, -11.627397260273973,99.92602739726027,)]1887, -22.106849315068494,98.11780821917809,)]1888, -19.325136612021858,90.19125683060109,)]1889, 6.934246575342466,115.27671232876712,)]
[CYE00100074:1881, 138.73793103448276,275.9597315436242,)]1882, 84.61581920903954,220.86524822695034,)]1883, 67.87037037037037,262.36164383561646,)]1884, 97.44267515923566,266.1878453038674,)]1885, 119.03370786516854,274.87772925764193,)]1886, 108.99178082191781,274.6868131868132,)]1887, 118.9041095890411,262.6191780821918,)]1888, 124.93169398907104,257.57923497267757,)]1889, 135.24786324786325,263.0412087912088,)]
[DA000030380:1880, 34.21584699453552,113.31147540983606,)]1881, 24.84931506849315,99.56438356164384,)]1882, 47.62191780821918,124.11506849315069,)]1883, 40.28219178082192,113.6,)]1884, 45.35245901639344,121.1584699453552,)]1885, 30.153424657534245,112.40547945205479,)]1886, 32.4,114.79178082191781,)]1887, 32.26849315068493,110.02465753424657,)]1888, 29.05191256830601,98.2103825136612,)]1889, 39.726027397260275,112.02191780821917,)]
[EI000003969:1881, 44.26301369863014,123.84109589041095,)]1882, 50.95616438356164,129.35342465753425,)]1883, 45.221917808219175,126.17534246575343,)]1884, 53.72950819672131,130.72677595628414,)]1885, 43.62465753424657,121.35890410958905,)]1886, 47.868493150684934,121.14520547945206,)]1887, 44.06849315068493,127.53424657534246,)]1888, 46.81693989071038,120.55191256830601,)]1889, 51.44931506849315,127.73424657534247,)]
[EZE00100082:1880, 58.71857923497268,130.62568306010928,)]1881, 47.778082191780825,116.31506849315069,)]1882, 61.273972602739725,129.17808219178082,)]1883, 55.1945205479452,122.53972602739726,)]1884, 60.1448087431694,130.0655737704918,)]1885, 56.967123287671235,128.1068493150685,)]1886, 58.893150684931506,128.96438356164384,)]1887, 48.942465753424656,116.68219178082192,)]1888, 49.27049180327869,116.44535519125684,)]1889, 56.16438356164384,120.59178082191781,)]
[FRE00104937:1880, Nan ,9990.0,)]1881, Nan ,9990.0,)]1882, Nan ,9990.0,)]1883, Nan ,9990.0,)]1884, Nan ,9990.0,)]1885, Nan ,9990.0,)]1886, Nan ,9990.0,)]1887, Nan ,9990.0,)]1888, Nan ,9990.0,)]1889, Nan ,9990.0,)]
[HR000142360:1881, 62.33698630136986,139.58356164383562,)]1882, 74.46849315068494,159.6054794520548,)]1883, 64.2904109589041,143.77534246575343,)]1884, 68.77595628415301,149.39617486338798,)]1885, 75.21917808219177,156.75890410958905,)]1886, 71.19658119658119,149.2193732193732,)]1887, 65.84383561643835,146.3123287671233,)]1888, 58.73497267759563,139.34426229508196,)]1889, 67.40547945205479,138.34246575342465,)]
[KZ000038198:1882, 99.70270270270271,Nan ,)]1883, 69.47887323943662,Nan ,)]
[RSM00026063:1881, -8.347945205479451,67.18956043956044,)]1882, 13.013698630136986,Nan ,)]1883, 4.638356164383562,69.97520661157024,)]1884, -2.0054644808743167,70.81967213114754,)]1885, 3.484931506849315,78.12328767123287,)]1886, 11.35890410958904,81.6986301369863,)]1887, 15.736986301369862,80.8054794520548,)]1888, -16.688524590163933,56.87978142076503,)]1889, 8.145205479452056,78.76986301369863,)]
[RSM00030710:1887, -78.5068493150685,65.66027397260274,)]1888, -86.73770491803279,55.71584699453552,)]1889, -91.28493150684932,47.18904109589041,)]
[RSM00032071:1886, -64.2051282051282,Nan ,)]1887, -69.23988439306359,Nan ,)]1888, -63.986149584487535,Nan ,)]1889, -81.04347826086956,Nan ,)]
[UPM00033889:1887, 58.777472527472526,186.91538461538462,)]1888, 46.723287671232875,192.6,)]1889, 40.193251533742334,143.70625,)]
[USC00065445:1884, -44.40816326530612,36.208333333333336,)]1885, 2.643835616438356,113.20547945205479,)]1886, 16.52054794520548,122.73972602739725,)]1887, -105.45762711864407,-10.322033898305085,)]
[USC00092475:1886, -22.0,289.0,)]
[USC00193625:1885, -3.5543478260869565,Nan ,)]1886, 26.23076923076923,Nan ,)]1887, 27.635616438356163,Nan ,)]1888, 20.24858757062147,383.0,)]1889, 41.889830508474574,Nan ,)]
[USC00194012:1885, 6.6878453038674035,154.675,)]1888, 27.401960784313726,168.0033222591362,)]
[USC00194360:1885, 15.119565217391305,90.22826086956522,)]1886, 46.15890410958904,126.5095890410959,)]1887, 43.74175824175824,123.66849315068494,)]1888, 36.48087431693989,115.17486338797814,)]1889, 58.635820895522386,131.5313432835821,)]
[USC00197122:1889, 180.55737704918033,244.49180327868854,)]
[USC00200718:1888, -33.0,72.0,)]
[USC00241418:1882, -78.0,-11.0,)]
[USC00268349:1888, -20.283185840707965,127.92035398230088,)]1889, -2.9541547277936964,151.49137931034483,)]
[USC00269430:1889, 120.91358024691358,246.52469135802468,)]
[USC00271678:1884, -46.57377049180328,52.36065573770492,)]1885, 15.276712328767124,124.92876712328767,)]1886, 24.942465753424656,132.8027397260274,)]1887, 25.80821917808219,128.4027397260274,)]1888, 17.469945355191257,119.47814207650273,)]1889, 35.23835616438356,139.3901098901099,)]
[USC00275712:1885, -10.945652173913043,89.8913043478261,)]1886, 21.852054794520548,144.34520547945206,)]1887, 19.70958904109589,137.63835616438357,)]1888, 17.16716417910448,135.17611940298508,)]1889, 35.8054794520548,148.64931506849314,)]
[USC00278440:1886, 30.936893203883496,178.1504854368932,)]1887, -8.063186813186814,133.7041095890411,)]1888, -10.844262295081966,121.74590163934427,)]1889, 0.0,322.0,)]
[USC00324418:1881, 167.0,283.0,)]
[USC00363711:1888, 89.90760869565217,172.52173913043478,)]1889, 69.56438356164384,153.26575342465753,)]
[USC00411888:1882, 166.33870967741936,Nan ,)]1883, 74.48148148148148,Nan ,)]1887, 61.43396226415094,Nan ,)]1888, 93.17777777777778,184.31521739130434,)]1889, 145.186301369863,262.02830188679246,)]
[USC00463100:1882, -14.107142857142858,97.78571428571429,)]
[USC00469368:1881, Nan ,-180.5,)]
[USC00475484:1880, 40.92622950819672,128.12295081967213,)]1881, 42.104109589041094,121.76986301369863,)]1882, 48.4027397260274,124.89315068493151,)]1883, 22.345205479452055,106.33698630136986,)]1884, 26.0327868852459,110.49726775956285,)]1885, 12.961643835616439,99.65753424657534,)]1886, 25.397260273972602,115.37808219178082,)]1887, 28.301369863013697,117.12602739726027,)]1888, 22.10655737704918,105.00546448087432,)]1889, 39.010958904109586,118.32328767123288,)]
[USW00012945:1883, 196.2394366197183,325.92056074766356,)]1884, 192.85981308411215,313.4766355140187,)]1885, 198.58695652173913,301.0869565217391,)]1886, 197.00980392156862,306.4019607843137,)]1887, 192.65217391304347,317.19565217391306,)]1888, 193.45054945054946,297.38461538461536,)]
[USW00053919:1883, 151.36,293.58152173913044,)]1884, 153.56140350877192,293.2083333333333,)]1885, 172.93023255813952,301.9022988505747,)]1886, 174.6457142857143,306.1333333333333,)]1887, 118.45238095238095,316.3809523809524,)]1888, 116.6875,242.25,)]1889, 103.90322580645162,257.06451612903226,)]
